17.710000
17.761000
18.840000
20.962000
19.492000
23.283000
26.488000
22.758000
21.925000
22.287000
23.584000
21.925000
22.686000
20.926000
19.456000
19.191000
19.419000
22.834000
23.167000
25.177000
27.759000
21.950000
20.310000
18.880000
19.622000
19.485000
17.917000
18.203000
19.434000
19.405000
19.535000
19.868000
19.246000
19.691000
19.930000
19.325000
18.988000
18.203000
18.043000
17.497000
17.363000
17.500000
17.558000
17.743000
17.978000
17.931000
17.221000
15.762000
15.809000
15.932000
16.016000
16.066000
16.490000
16.682000
16.700000
16.371000
16.063000
16.117000
16.070000
16.070000
16.168000
15.349000
15.107000
14.987000
14.698000
14.966000
14.842000
14.958000
14.922000
15.183000
15.049000
15.657000
15.563000
15.864000
15.813000
15.588000
15.704000
16.374000
17.258000
17.424000
17.384000
17.859000
17.102000
21.483000
22.870000
18.398000
18.116000
17.667000
17.428000
15.798000
15.476000
15.346000
15.360000
15.606000
15.690000
15.657000
15.563000
15.864000
15.813000
15.588000
16.146000
16.128000
16.602000
17.059000
16.646000
16.892000
17.019000
16.562000
16.432000
15.520000
15.842000
15.932000
15.668000
15.422000
15.639000
15.610000
15.378000
15.701000
16.106000
16.682000
17.149000
17.156000
17.515000
17.569000
17.975000
18.931000
20.350000
21.335000
21.914000
21.190000
24.547000
26.325000
21.614000
20.097000
21.172000
23.504000
21.762000
22.743000
26.784000
27.346000
22.146000
20.632000
25.057000
25.115000
20.202000
24.387000
26.944000
21.639000
21.893000
21.139000
22.801000
22.798000
25.093000
29.069000
30.873000
23.584000
24.590000
22.472000
28.327000
27.342000
21.219000
25.724000
27.704000
23.746000
25.075000
23.594000
31.568000
23.714000
20.926000
20.998000
19.640000
20.039000
23.084000
27.617000
25.445000
28.327000
28.363000
25.126000
25.810000
24.673000
24.684000
21.100000
21.639000
23.066000
24.471000
24.199000
21.161000
22.110000
29.935000
25.126000
27.806000
23.374000
26.064000
24.880000
22.106000
22.258000
20.871000
20.897000
22.613000
27.617000
23.899000
22.972000
21.353000
25.720000
27.679000
21.632000
24.507000
26.230000
29.102000
26.835000
23.366000
23.431000
21.661000
21.176000
21.614000
25.803000
20.039000
22.164000
21.701000
21.223000
28.686000
24.065000
22.389000
23.163000
23.808000
24.402000
24.529000
22.139000
21.248000
19.325000
20.343000
27.226000
27.364000
26.940000
24.887000
26.332000
24.630000
22.439000
27.483000
23.786000
20.484000
22.700000
26.900000
21.400000
19.293000
19.437000
22.153000
23.884000
23.529000
30.054000
21.856000
21.534000
26.379000
25.763000
20.824000
19.705000
19.314000
20.198000
19.097000
19.394000
18.891000
17.826000
17.366000
17.323000
17.225000
17.189000
17.178000
16.986000
17.489000
17.431000
17.613000
17.848000
17.413000
17.996000
17.435000
17.464000
17.446000
16.280000
16.334000
16.439000
16.320000
16.686000
16.834000
16.541000
16.631000
16.914000
17.649000
24.250000
19.199000
22.624000
22.743000
21.031000
27.038000
24.174000
23.283000
23.511000
23.931000
25.684000
24.152000
24.369000
27.353000
23.949000
22.533000
23.051000
24.547000
29.526000
34.005000
25.025000
23.019000
22.262000
24.090000
28.439000
26.259000
24.804000
22.367000
21.921000
22.465000
23.051000
23.678000
24.692000
26.759000
26.531000
26.046000
23.768000
26.748000
28.124000
23.370000
27.125000
26.672000
25.304000
25.843000
28.381000
26.593000
24.119000
29.211000
23.699000
21.031000
24.402000
27.317000
22.200000
24.123000
24.007000
24.051000
24.409000
28.273000
26.082000
23.978000
30.865000
26.078000
21.469000
24.065000
26.042000
26.759000
27.983000
29.446000
28.968000
31.991000
28.718000
24.384000
23.533000
28.280000
30.529000
23.236000
23.786000
26.078000
24.576000
26.383000
24.985000
23.450000
23.815000
23.743000
22.160000
22.240000
20.777000
20.730000
22.544000
27.929000
27.530000
26.325000
23.631000
30.818000
30.261000
29.529000
23.631000
22.519000
21.610000
21.813000
22.657000
26.071000
24.880000
23.511000
24.923000
25.010000
23.388000
29.656000
24.337000
21.498000
20.241000
21.103000
22.827000
25.275000
25.383000
25.897000
23.019000
22.142000
21.244000
25.358000
26.249000
24.967000
20.687000
19.590000
20.133000
22.943000
24.286000
27.020000
22.827000
21.596000
27.621000
23.319000
21.675000
20.777000
25.416000
23.877000
19.586000
19.238000
20.017000
19.865000
19.213000
19.441000
18.224000
17.660000
17.522000
17.754000
17.674000
17.471000
17.174000
18.014000
18.029000
18.474000
18.272000
18.054000
18.040000
18.062000
17.703000
17.674000
16.957000
17.341000
17.370000
16.986000
17.113000
17.011000
17.135000
17.124000
17.153000
24.655000
21.921000
22.418000
21.444000
21.125000
27.089000
23.211000
20.553000
22.378000
24.406000
25.003000
24.406000
21.606000
21.889000
25.814000
23.982000
23.214000
26.719000
29.290000
30.148000
26.031000
32.480000
36.134000
25.561000
22.447000
22.595000
22.780000
26.223000
25.800000
23.196000
23.116000
23.312000
24.492000
29.384000
28.327000
25.470000
26.017000
23.374000
24.554000
24.329000
24.630000
25.872000
26.564000
29.975000
27.451000
29.218000
25.781000
22.606000
28.472000
26.491000
24.677000
29.623000
24.941000
24.851000
27.284000
27.288000
25.600000
25.072000
25.510000
23.902000
25.007000
30.865000
24.608000
21.744000
22.805000
24.214000
29.442000
27.415000
23.305000
22.113000
25.886000
26.317000
31.662000
22.479000
23.370000
25.343000
21.940000
22.316000
22.240000
21.556000
27.205000
27.357000
23.830000
26.466000
25.198000
30.612000
24.427000
23.091000
22.932000
27.056000
25.745000
27.273000
31.966000
24.934000
22.591000
25.122000
26.057000
29.135000
29.084000
24.138000
21.657000
24.550000
25.948000
22.588000
24.127000
24.029000
23.507000
23.214000
25.184000
29.497000
29.739000
28.323000
26.495000
25.329000
33.168000
29.746000
28.012000
25.669000
24.167000
23.431000
28.990000
22.204000
21.085000
23.674000
26.875000
21.635000
20.314000
21.096000
22.371000
21.581000
23.609000
25.108000
23.555000
24.891000
23.797000
20.611000
20.448000
20.897000
19.463000
19.162000
18.938000
18.677000
18.471000
18.250000
17.841000
17.989000
17.721000
17.627000
17.551000
17.551000
18.065000
18.268000
18.380000
17.308000
16.859000
17.377000
17.330000
17.714000
17.591000
16.497000
20.871000
20.328000
24.807000
21.063000
19.640000
19.068000
18.507000
17.131000
24.105000
26.745000
23.870000
21.538000
20.187000
23.250000
27.215000
21.306000
22.222000
23.287000
26.002000
24.521000
27.005000
24.742000
25.427000
27.161000
26.364000
25.112000
28.953000
28.410000
27.107000
29.830000
33.212000
24.970000
22.573000
24.083000
22.961000
26.484000
24.855000
21.487000
21.574000
22.019000
23.330000
23.055000
26.756000
27.324000
30.195000
24.518000
24.402000
22.689000
23.902000
22.990000
28.381000
28.226000
23.457000
25.314000
29.844000
23.902000
26.372000
29.558000
28.110000
23.804000
24.938000
24.815000
24.409000
22.153000
23.095000
23.138000
28.888000
31.684000
25.803000
26.737000
29.261000
28.541000
25.691000
28.428000
28.964000
25.825000
26.346000
34.403000
32.205000
23.019000
23.909000
26.622000
25.249000
23.529000
23.145000
22.588000
22.027000
21.950000
22.664000
29.703000
37.162000
27.563000
30.308000
28.208000
26.390000
28.034000
26.560000
25.463000
25.597000
28.548000
27.559000
24.608000
24.011000
29.837000
26.469000
29.312000
25.981000
25.691000
30.706000
25.072000
25.680000
26.433000
25.394000
26.640000
25.923000
24.496000
23.689000
23.515000
23.203000
21.751000
22.291000
22.479000
27.965000
28.508000
24.543000
27.577000
35.678000
26.433000
21.965000
22.602000
26.661000
26.611000
23.008000
23.323000
23.377000
22.599000
23.138000
22.041000
21.085000
23.779000
28.993000
27.697000
25.097000
22.870000
22.399000
22.631000
21.074000
21.422000
21.118000
21.389000
20.672000
20.549000
20.115000
20.546000
19.771000
20.509000
19.814000
20.513000
20.455000
20.683000
20.564000
20.173000
21.360000
21.089000
21.143000
20.861000
21.201000
19.267000
23.486000
24.141000
21.085000
20.759000
28.160000
25.010000
20.603000
20.194000
21.378000
21.491000
19.705000
23.424000
25.499000
22.265000
20.998000
23.500000
28.179000
24.344000
23.873000
25.365000
24.395000
23.030000
22.461000
20.658000
22.019000
22.070000
27.733000
29.004000
23.645000
23.030000
22.617000
21.487000
21.494000
29.866000
24.804000
21.599000
20.951000
20.350000
24.880000
22.798000
22.914000
24.978000
28.200000
24.789000
28.200000
25.926000
23.138000
22.743000
29.207000
28.193000
32.209000
33.512000
27.893000
26.596000
26.940000
27.748000
31.162000
25.046000
23.171000
23.232000
22.975000
30.891000
26.444000
24.511000
25.850000
26.020000
29.095000
31.905000
28.772000
25.709000
25.470000
25.083000
24.489000
25.246000
28.186000
31.778000
32.893000
26.393000
29.229000
30.300000
35.667000
28.110000
27.740000
26.042000
24.442000
24.594000
23.964000
23.562000
23.888000
25.640000
27.639000
25.814000
24.119000
27.983000
26.364000
23.569000
23.522000
27.118000
25.839000
28.352000
34.805000
29.453000
25.760000
25.868000
32.459000
24.999000
22.751000
21.320000
23.142000
26.766000
24.775000
23.576000
32.784000
30.597000
26.176000
26.784000
27.237000
24.145000
23.670000
22.910000
24.373000
25.021000
27.773000
27.291000
28.602000
30.467000
33.842000
28.428000
30.731000
26.806000
29.627000
29.859000
24.612000
25.474000
25.079000
27.527000
27.302000
23.489000
23.040000
28.896000
29.359000
24.373000
24.181000
22.570000
22.294000
22.584000
22.233000
21.483000
20.412000
20.571000
20.107000
19.897000
20.245000
19.915000
19.648000
19.474000
19.434000
19.521000
20.097000
20.144000
20.245000
20.202000
20.017000
20.325000
20.737000
20.777000
20.480000
20.459000
24.167000
21.049000
20.307000
20.991000
20.665000
20.698000
19.901000
19.495000
20.777000
21.921000
26.864000
34.566000
24.894000
27.404000
26.093000
24.699000
26.035000
29.149000
26.256000
25.137000
25.227000
24.833000
23.482000
27.208000
28.588000
25.821000
29.033000
29.678000
25.756000
24.883000
27.845000
28.852000
30.641000
24.264000
23.297000
23.258000
23.087000
23.377000
27.165000
30.992000
25.579000
26.133000
27.266000
28.566000
26.133000
28.146000
25.593000
26.437000
30.025000
26.147000
27.925000
33.838000
29.917000
28.910000
29.765000
26.267000
28.280000
28.925000
24.815000
26.183000
28.552000
27.056000
24.072000
24.098000
25.611000
25.217000
25.459000
24.369000
28.841000
25.144000
28.961000
27.172000
24.333000
27.118000
28.399000
25.148000
30.373000
30.949000
26.332000
25.756000
31.553000
25.412000
28.327000
28.432000
26.216000
26.125000
24.159000
24.967000
25.336000
27.092000
34.801000
40.613000
28.008000
29.330000
29.359000
28.577000
27.002000
28.602000
31.365000
30.286000
27.784000
27.277000
27.766000
25.003000
28.468000
27.494000
24.123000
24.130000
30.174000
30.420000
23.674000
24.098000
27.132000
30.789000
25.886000
33.603000
28.982000
27.440000
24.022000
23.102000
23.240000
23.247000
26.006000
32.057000
34.595000
30.648000
32.737000
32.049000
28.595000
29.258000
26.176000
24.319000
24.348000
23.812000
23.797000
22.856000
22.410000
22.725000
22.584000
27.208000
23.895000
22.805000
22.088000
20.759000
23.232000
25.604000
24.952000
29.971000
26.212000
24.641000
24.434000
24.684000
22.468000
22.852000
21.179000
20.104000
19.948000
20.278000
20.361000
20.911000
20.926000
21.201000
21.262000
21.132000
21.719000
20.542000
21.570000
19.829000
21.027000
24.956000
27.643000
26.020000
29.794000
28.631000
25.771000
24.630000
26.368000
30.568000
24.297000
24.605000
21.791000
21.748000
24.058000
23.424000
24.529000
25.724000
25.876000
28.132000
28.823000
27.335000
24.931000
23.888000
25.915000
27.650000
31.057000
26.669000
24.214000
25.412000
25.307000
23.080000
29.880000
27.244000
24.051000
24.894000
28.218000
28.338000
24.597000
24.398000
26.730000
32.636000
32.068000
26.010000
24.384000
24.891000
24.587000
24.156000
23.055000
23.334000
27.614000
29.095000
29.707000
33.136000
26.625000
26.498000
32.908000
31.093000
26.734000
23.533000
23.127000
23.841000
27.766000
27.976000
27.965000
34.870000
28.595000
27.690000
27.364000
27.480000
26.527000
24.673000
23.569000
29.439000
32.122000
30.717000
26.651000
25.343000
27.038000
30.203000
38.281000
26.459000
24.692000
25.521000
27.023000
29.888000
29.334000
24.789000
25.007000
26.690000
26.607000
28.617000
30.847000
30.489000
27.389000
26.020000
31.126000
31.126000
31.079000
29.077000
27.769000
26.991000
29.077000
27.994000
30.786000
25.256000
26.393000
27.476000
24.539000
28.103000
32.068000
26.940000
27.795000
33.574000
31.217000
35.120000
38.719000
30.952000
31.122000
30.985000
27.335000
26.958000
25.984000
30.036000
37.991000
27.925000
24.934000
26.375000
33.936000
28.367000
29.337000
29.192000
24.485000
24.311000
24.865000
23.989000
23.757000
23.504000
22.693000
31.238000
28.074000
27.527000
26.234000
25.695000
25.057000
24.710000
23.240000
25.401000
23.815000
22.135000
21.552000
21.212000
20.719000
21.516000
29.113000
24.623000
22.215000
22.298000
22.888000
22.110000
22.378000
20.861000
20.292000
20.600000
20.846000
20.792000
20.799000
19.441000
19.905000
19.481000
19.235000
19.727000
19.217000
19.126000
19.304000
18.902000
26.556000
22.363000
25.133000
25.068000
21.570000
21.918000
22.566000
22.870000
22.602000
24.735000
24.605000
26.274000
24.101000
23.960000
27.592000
30.800000
25.238000
26.111000
31.361000
36.916000
35.015000
27.628000
26.125000
26.375000
34.034000
28.595000
29.667000
26.154000
23.660000
23.942000
25.481000
23.660000
25.028000
24.040000
24.525000
23.877000
23.696000
23.323000
25.854000
23.739000
23.149000
32.658000
31.238000
32.017000
30.319000
31.025000
28.334000
26.926000
32.857000
23.837000
23.739000
31.227000
23.975000
23.471000
23.044000
24.909000
24.952000
26.296000
28.247000
25.749000
24.022000
27.320000
24.728000
23.352000
22.714000
24.768000
23.580000
30.109000
37.275000
26.799000
26.448000
26.980000
32.777000
24.355000
24.159000
26.024000
23.837000
22.298000
22.251000
20.723000
23.435000
30.757000
26.687000
24.101000
29.120000
28.765000
25.122000
26.412000
23.323000
26.651000
26.162000
22.928000
23.116000
23.145000
22.352000
19.510000
27.027000
20.647000
19.807000
27.121000
24.152000
22.606000
23.772000
25.673000
22.867000
23.326000
27.034000
23.044000
23.540000
28.845000
23.120000
21.596000
21.965000
22.635000
21.444000
21.494000
20.234000
19.046000
18.474000
18.800000
17.870000
17.616000
18.427000
17.899000
18.789000
17.660000
18.395000
19.329000
18.927000
19.242000
26.527000
26.520000
29.142000
23.124000
23.214000
21.824000
23.837000
31.213000
22.479000
20.585000
21.469000
21.567000
20.636000
20.285000
19.028000
18.692000
18.503000
17.971000
22.921000
20.234000
20.875000
21.034000
25.590000
25.180000
25.322000
25.637000
24.858000
24.130000
23.584000
22.030000
22.646000
23.475000
29.424000
34.414000
25.503000
24.601000
25.242000
28.244000
31.818000
25.861000
26.187000
27.306000
27.049000
23.279000
30.652000
31.025000
26.784000
27.643000
29.486000
29.812000
26.839000
30.061000
27.389000
23.464000
23.696000
24.395000
24.587000
33.472000
29.627000
28.132000
31.445000
25.952000
30.315000
28.997000
26.871000
24.826000
24.398000
24.923000
25.905000
26.756000
24.960000
26.466000
26.357000
26.299000
25.571000
25.463000
26.292000
24.496000
25.394000
30.590000
34.103000
32.803000
28.247000
28.856000
36.094000
27.339000
27.654000
33.697000
29.757000
27.415000
26.629000
24.022000
24.876000
23.670000
23.424000
24.210000
24.706000
23.946000
30.177000
36.576000
26.737000
27.118000
30.713000
27.976000
32.857000
34.399000
29.319000
26.752000
24.605000
24.844000
27.994000
40.718000
31.173000
25.810000
28.399000
31.365000
30.695000
27.740000
27.277000
27.128000
25.220000
25.763000
24.145000
23.221000
23.946000
22.168000
23.294000
33.911000
31.144000
33.458000
30.760000
29.352000
26.401000
32.459000
26.031000
23.652000
21.918000
22.501000
22.327000
21.672000
25.481000
24.815000
23.891000
25.763000
27.596000
25.380000
24.818000
24.688000
25.655000
23.312000
21.223000
20.774000
20.314000
19.926000
20.553000
19.459000
20.202000
19.050000
19.510000
19.463000
19.046000
19.702000
19.068000
19.673000
19.644000
20.585000
20.618000
20.658000
21.063000
20.567000
21.063000
20.546000
21.458000
20.006000
20.125000
20.542000
20.296000
20.419000
20.020000
20.086000
20.100000
19.876000
19.850000
21.520000
23.953000
22.852000
21.867000
19.876000
29.341000
23.989000
25.622000
28.171000
27.205000
25.655000
29.967000
29.779000
25.514000
23.819000
22.834000
26.556000
29.399000
30.090000
25.445000
25.582000
25.007000
23.569000
28.237000
25.246000
27.201000
27.672000
23.055000
26.643000
27.773000
26.245000
26.654000
29.203000
31.517000
27.487000
29.330000
25.441000
24.695000
24.558000
24.876000
27.679000
32.976000
29.518000
36.710000
29.178000
28.334000
25.032000
27.480000
30.764000
26.343000
23.482000
22.667000
29.699000
28.443000
24.518000
25.832000
27.219000
30.945000
29.612000
27.034000
27.205000
28.714000
25.662000
25.050000
25.973000
29.040000
28.066000
25.702000
32.455000
26.770000
25.901000
34.888000
30.395000
26.748000
24.815000
25.405000
24.757000
22.990000
22.957000
24.558000
24.663000
24.072000
24.800000
23.417000
23.982000
29.098000
24.880000
22.675000
25.669000
26.455000
27.585000
31.829000
30.377000
26.672000
25.662000
30.348000
28.848000
25.206000
23.330000
25.112000
26.672000
25.144000
22.584000
29.421000
32.212000
29.522000
30.746000
29.569000
28.410000
32.958000
25.727000
25.532000
25.510000
22.591000
22.305000
22.751000
28.675000
24.322000
22.454000
24.963000
30.565000
28.012000
23.044000
20.832000
22.443000
26.364000
24.880000
23.279000
22.012000
22.345000
20.839000
21.255000
22.356000
27.961000
24.695000
21.831000
21.349000
25.470000
24.572000
21.578000
22.222000
19.445000
20.205000
17.852000
17.899000
18.999000
21.534000
19.557000
18.731000
20.553000
23.290000
22.385000
20.890000
22.552000
22.465000
23.160000
27.748000
23.555000
20.531000
21.252000
21.335000
21.096000
19.474000
19.061000
19.488000
18.786000
18.666000
18.768000
18.529000
18.887000
18.018000
18.221000
17.399000
18.644000
18.945000
19.709000
18.706000
19.973000
19.499000
20.455000
19.854000
20.734000
19.209000
19.941000
19.687000
19.387000
19.318000
19.553000
17.899000
17.993000
17.953000
18.112000
19.926000
25.535000
21.711000
19.488000
19.398000
20.622000
20.013000
21.806000
23.138000
22.765000
24.706000
25.640000
22.664000
22.468000
21.538000
22.262000
21.168000
25.499000
22.700000
22.418000
20.998000
21.335000
28.070000
20.893000
19.619000
19.456000
20.285000
23.486000
20.097000
25.637000
26.560000
22.733000
23.500000
25.108000
26.661000
27.433000
23.641000
27.842000
22.294000
27.118000
21.950000
27.049000
27.433000
24.757000
27.871000
25.416000
29.522000
21.998000
29.497000
24.431000
22.273000
24.373000
27.255000
28.121000
24.587000
24.145000
25.676000
22.599000
24.304000
23.949000
27.118000
26.546000
22.262000
22.363000
23.569000
29.131000
29.765000
25.872000
26.249000
29.707000
24.221000
31.380000
24.561000
22.696000
21.429000
20.803000
26.567000
26.918000
23.189000
22.704000
24.286000
27.509000
29.906000
24.681000
24.981000
24.228000
26.144000
23.182000
23.424000
23.008000
21.730000
24.963000
24.192000
24.579000
21.002000
29.276000
23.044000
28.722000
25.354000
22.037000
21.773000
23.120000
22.809000
22.095000
22.345000
20.998000
21.744000
24.453000
24.004000
21.454000
20.542000
20.759000
19.720000
19.966000
18.688000
18.253000
18.007000
17.801000
18.022000
17.819000
17.790000
17.895000
17.895000
17.649000
17.692000
18.670000
18.923000
19.010000
18.909000
18.561000
18.445000
18.753000
18.786000
18.797000
18.116000
18.453000
17.736000
18.909000
21.454000
21.194000
20.386000
20.183000
19.858000
19.644000
24.579000
27.100000
21.389000
22.794000
25.778000
26.926000
23.815000
25.615000
29.337000
25.666000
29.084000
26.647000
28.964000
25.296000
24.319000
24.797000
31.014000
33.071000
28.063000
24.579000
25.803000
27.487000
29.732000
23.442000
24.311000
26.013000
24.583000
22.457000
21.701000
25.068000
30.616000
25.325000
26.629000
26.806000
26.918000
26.542000
28.711000
28.512000
28.468000
25.083000
25.571000
34.819000
34.269000
30.235000
27.795000
26.614000
26.111000
29.971000
26.524000
26.057000
22.943000
21.748000
23.200000
25.369000
23.475000
23.884000
23.587000
23.794000
26.401000
30.239000
24.815000
25.188000
27.295000
24.065000
24.434000
23.964000
24.239000
22.964000
21.472000
20.506000
19.792000
19.191000
18.923000
18.952000
18.894000
18.572000
18.514000
19.275000
19.698000
19.760000
19.535000
19.434000
19.495000
18.916000
18.062000
17.446000
16.179000
16.624000
17.022000
17.192000
17.522000
17.540000
17.891000
18.438000
19.289000
30.579000
32.245000
24.811000
28.566000
25.778000
25.046000
25.575000
25.347000
25.648000
28.077000
26.745000
25.191000
25.209000
24.250000
23.526000
28.457000
22.877000
32.100000
23.652000
24.000000
27.603000
25.474000
22.805000
23.323000
22.512000
20.531000
19.412000
18.322000
17.873000
17.866000
18.105000
18.413000
18.829000
19.293000
19.224000
18.500000
18.438000
18.438000
18.594000
17.790000
17.605000
17.797000
17.953000
17.942000
17.768000
17.754000
17.489000
17.243000
16.606000
16.457000
16.573000
16.682000
16.512000
16.736000
17.091000
17.221000
17.120000
17.059000
17.794000
17.087000
17.891000
17.518000
18.358000
17.203000
21.650000
19.825000
18.398000
17.504000
18.623000
17.377000
17.330000
16.494000
16.472000
17.145000
16.041000
16.490000
16.581000
16.255000
17.250000
17.312000
21.154000
23.584000
21.610000
29.370000
32.893000
23.895000
23.185000
24.960000
23.609000
20.339000
20.372000
19.615000
18.941000
17.613000
16.584000
16.465000
15.914000
16.204000
16.222000
15.965000
15.762000
15.845000
16.805000
17.312000
17.453000
17.920000
17.812000
18.043000
17.884000
17.685000
17.576000
17.638000
17.623000
22.309000
18.981000
17.931000
18.699000
16.899000
16.468000
16.139000
15.885000
16.055000
15.436000
15.313000
15.440000
15.176000
15.773000
16.642000
17.214000
17.015000
17.062000
17.015000
17.153000
17.102000
17.062000
16.305000
16.486000
16.609000
16.135000
15.860000
16.070000
16.215000
16.385000
16.371000
16.113000
15.922000
16.164000
16.099000
15.922000
15.675000
16.573000
17.033000
17.207000
16.758000
16.548000
16.751000
16.226000
16.570000
16.316000
15.632000
16.215000
15.581000
15.527000
15.425000
15.893000
15.563000
15.979000
16.132000
15.317000
15.929000
15.027000
15.998000
15.606000
16.023000
16.211000
16.841000
16.805000
16.856000
16.671000
16.830000
16.715000
16.747000
16.827000
16.110000
16.041000
15.983000
15.922000
15.874000
15.874000
15.762000
16.008000
15.940000
15.581000
15.512000
15.541000
15.530000
15.509000
15.415000
16.269000
16.421000
16.729000
13.043000
16.320000
16.356000
16.403000
16.443000
16.704000
15.998000
15.972000
15.827000
15.860000
15.838000
15.893000
15.976000
15.936000
16.023000
15.690000
15.701000
15.914000
15.820000
15.788000
15.733000
16.356000
16.635000
16.772000
16.392000
16.606000
16.772000
16.751000
16.686000
16.696000
15.809000
16.070000
16.168000
16.240000
16.197000
16.197000
16.247000
16.396000
16.171000
16.117000
16.229000
16.189000
16.099000
16.059000
16.313000
16.841000
17.580000
19.506000
23.341000
21.262000
24.290000
22.023000
20.937000
23.935000
21.476000
22.798000
23.113000
25.767000
30.811000
27.592000
24.243000
23.779000
23.536000
22.378000
21.664000
20.097000
21.027000
20.075000
22.157000
22.896000
21.530000
22.609000
25.036000
37.734000
29.287000
24.442000
24.713000
25.528000
24.025000
23.645000
29.352000
31.112000
25.680000
22.910000
21.969000
23.019000
21.549000
27.701000
21.791000
21.422000
26.958000
26.053000
23.547000
24.974000
24.518000
23.464000
24.677000
25.514000
23.982000
22.146000
21.447000
21.777000
20.480000
30.485000
24.188000
30.290000
25.640000
26.839000
26.339000
26.531000
26.498000
29.870000
23.363000
22.048000
25.923000
29.518000
21.610000
21.081000
20.980000
22.504000
23.522000
25.347000
23.989000
21.570000
23.946000
22.182000
21.234000
21.657000
25.387000
28.117000
31.897000
22.772000
22.255000
23.163000
22.791000
25.771000
27.310000
24.109000
23.236000
22.193000
28.653000
26.488000
24.022000
24.033000
25.738000
24.590000
25.293000
26.310000
26.332000
24.728000
21.436000
21.813000
27.672000
27.404000
22.613000
22.972000
21.730000
22.903000
24.011000
27.273000
27.773000
25.423000
22.037000
23.431000
25.028000
25.734000
22.805000
22.762000
23.120000
22.255000
20.444000
20.408000
19.387000
18.996000
24.815000
23.232000
20.737000
20.973000
21.487000
20.488000
20.147000
18.369000
17.602000
17.656000
17.692000
16.964000
18.221000
17.978000
17.721000
18.887000
12.746000
19.217000
18.449000
18.503000
19.557000
19.626000
20.422000
20.535000
19.318000
18.395000
16.226000
18.076000
18.706000
18.424000
18.612000
18.503000
18.105000
18.152000
20.846000
20.205000
18.702000
18.786000
19.311000
23.493000
23.011000
23.240000
25.090000
25.803000
30.648000
30.134000
27.375000
26.517000
23.460000
24.912000
28.483000
16.298000
28.403000
27.690000
28.356000
28.751000
27.795000
30.311000
25.843000
23.471000
22.877000
28.957000
25.521000
23.066000
22.711000
25.119000
24.344000
24.909000
27.632000
29.866000
16.457000
25.427000
23.051000
23.127000
23.833000
23.250000
25.934000
33.965000
29.421000
24.109000
26.227000
32.020000
24.869000
25.658000
25.083000
24.673000
20.803000
21.125000
23.269000
23.902000
24.130000
23.794000
25.003000
26.857000
24.706000
23.652000
21.570000
23.207000
25.293000
30.985000
27.335000
23.442000
32.527000
27.168000
23.377000
22.063000
23.888000
23.171000
22.027000
23.627000
23.381000
24.463000
22.371000
22.320000
22.932000
26.759000
26.679000
26.900000
24.007000
23.297000
20.998000
21.987000
21.313000
19.405000
19.651000
22.005000
28.019000
29.015000
24.062000
29.555000
25.676000
25.466000
21.769000
22.099000
20.669000
20.737000
20.600000
22.606000
24.065000
25.025000
25.781000
24.098000
24.967000
24.087000
21.067000
21.480000
20.882000
22.664000
25.101000
25.800000
25.506000
22.443000
20.719000
25.151000
26.701000
21.643000
24.264000
26.506000
21.317000
21.690000
21.313000
21.610000
20.469000
24.380000
23.826000
19.944000
21.621000
23.638000
21.179000
23.594000
26.770000
28.526000
21.393000
24.902000
27.291000
22.711000
21.404000
20.441000
19.177000
20.469000
26.578000
20.480000
19.285000
20.133000
21.208000
22.084000
25.430000
19.992000
19.510000
21.176000
19.314000
19.872000
18.858000
23.406000
24.170000
20.835000
19.821000
21.407000
20.585000
19.810000
20.955000
22.591000
20.469000
19.521000
21.501000
22.320000
20.278000
19.774000
20.368000
21.042000
22.754000
22.132000
23.757000
22.823000
23.794000
21.958000
20.980000
23.533000
26.469000
29.529000
29.381000
27.838000
27.186000
29.725000
24.286000
30.594000
25.796000
23.917000
23.500000
22.059000
21.313000
21.606000
21.415000
22.269000
24.963000
27.114000
24.717000
27.259000
32.343000
26.035000
24.500000
23.956000
24.380000
25.224000
33.201000
32.683000
24.047000
24.471000
25.361000
30.724000
23.942000
20.741000
21.382000
25.148000
27.606000
22.425000
22.023000
23.511000
24.384000
24.702000
31.014000
23.359000
21.632000
23.330000
21.052000
22.251000
25.506000
36.076000
28.591000
24.214000
24.934000
26.538000
23.602000
29.406000
24.420000
23.895000
23.290000
23.120000
23.084000
24.224000
24.239000
23.804000
27.940000
29.631000
29.062000
23.946000
24.760000
23.243000
22.247000
22.599000
21.574000
22.323000
24.141000
28.331000
26.897000
23.783000
23.167000
32.462000
31.590000
23.681000
22.486000
23.790000
24.670000
24.916000
22.436000
21.262000
22.360000
32.230000
22.559000
21.396000
20.875000
24.978000
20.230000
25.188000
33.237000
29.402000
24.286000
25.999000
26.817000
25.897000
21.711000
25.485000
20.296000
19.434000
22.215000
21.809000
19.662000
19.807000
19.789000
19.539000
20.006000
22.613000
22.573000
22.628000
22.841000
21.150000
19.220000
18.597000
17.366000
18.467000
17.718000
19.325000
21.556000
17.714000
16.914000
25.141000
20.357000
17.279000
17.888000
17.906000
17.587000
16.533000
16.208000
15.063000
15.849000
14.680000
15.527000
15.512000
15.856000
16.027000
15.049000
15.654000
14.940000
14.871000
15.262000
14.538000
15.299000
15.002000
15.248000
15.143000
15.147000
15.273000
15.092000
15.092000
14.918000
15.241000
16.059000
15.860000
15.972000
16.095000
16.266000
16.609000
15.722000
16.222000
15.407000
15.711000
14.712000
15.331000
15.541000
15.114000
15.440000
15.614000
15.451000
15.606000
14.882000
15.541000
14.759000
14.270000
14.049000
14.824000
15.411000
19.890000
19.897000
17.167000
16.848000
18.264000
18.847000
17.192000
15.559000
15.809000
14.640000
13.166000
13.887000
13.217000
13.177000
13.818000
13.550000
13.043000
13.836000
13.028000
13.445000
13.557000
13.104000
15.288000
15.596000
16.483000
16.848000
16.946000
16.870000
16.852000
17.066000
17.008000
16.519000
16.396000
16.689000
17.001000
16.979000
16.772000
17.138000
16.443000
16.515000
15.860000
15.708000
16.023000
15.976000
15.780000
16.045000
16.591000
17.258000
18.681000
19.264000
19.579000
19.738000
20.046000
19.162000
19.046000
17.584000
17.920000
21.150000
22.479000
18.594000
19.075000
18.931000
21.921000
22.943000
19.282000
17.913000
17.497000
17.641000
17.609000
16.964000
17.743000
18.065000
19.177000
19.054000
19.720000
20.042000
21.755000
24.941000
20.393000
19.155000
20.871000
25.611000
20.469000
18.659000
19.253000
20.861000
26.596000
19.934000
18.742000
18.409000
18.358000
18.326000
17.363000
16.870000
18.141000
17.243000
17.475000
17.779000
17.116000
17.279000
17.250000
16.830000
17.221000
17.004000
16.765000
17.153000
17.055000
16.972000
16.678000
16.885000
16.653000
16.233000
15.824000
15.791000
15.581000
15.824000
15.780000
15.748000
16.262000
16.715000
16.769000
16.830000
16.649000
17.015000
17.124000
17.156000
17.102000
16.533000
17.663000
17.294000
17.547000
17.728000
17.269000
17.768000
16.606000
16.711000
17.283000
17.276000
22.421000
19.514000
21.480000
26.039000
22.233000
21.078000
22.932000
23.880000
22.816000
23.145000
24.978000
23.095000
22.946000
20.354000
20.759000
23.975000
24.967000
25.720000
24.170000
23.044000
23.873000
25.941000
21.958000
20.937000
20.404000
25.557000
23.772000
20.462000
24.105000
27.802000
23.851000
24.033000
22.573000
23.352000
22.595000
23.080000
28.197000
26.607000
22.045000
28.189000
25.640000
29.301000
23.507000
23.562000
29.678000
27.273000
23.728000
24.778000
21.085000
20.625000
19.781000
22.859000
26.893000
21.425000
22.146000
28.034000
27.186000
24.181000
23.627000
24.626000
24.880000
22.099000
21.110000
24.246000
26.795000
24.637000
22.693000
22.809000
31.162000
24.742000
30.054000
24.000000
24.348000
24.558000
22.664000
21.798000
25.256000
25.622000
21.429000
21.762000
25.492000
25.684000
24.561000
27.802000
32.379000
25.300000
25.369000
25.503000
34.023000
34.848000
27.751000
26.031000
24.329000
29.030000
24.938000
23.142000
21.516000
28.791000
26.230000
22.338000
24.880000
24.945000
23.294000
24.239000
21.987000
22.001000
20.658000
20.564000
20.727000
20.491000
21.179000
25.872000
40.783000
32.154000
23.616000
24.967000
27.639000
24.311000
30.355000
25.318000
23.091000
22.157000
21.110000
24.123000
23.149000
19.329000
19.597000
21.107000
27.454000
22.099000
23.591000
28.016000
27.346000
23.008000
29.109000
28.287000
25.894000
26.730000
24.938000
21.668000
19.981000
19.282000
18.811000
18.920000
18.391000
18.192000
18.167000
18.051000
17.823000
17.801000
17.775000
18.022000
18.880000
19.314000
19.908000
20.574000
21.472000
21.357000
21.762000
21.436000
24.145000
25.553000
28.070000
29.692000
24.735000
25.144000
24.322000
24.072000
22.975000
22.265000
19.937000
19.561000
19.036000
19.072000
19.173000
20.459000
20.249000
22.396000
23.287000
23.844000
24.065000
23.815000
23.899000
30.963000
26.991000
31.687000
35.001000
29.605000
26.824000
28.258000
25.488000
27.987000
29.066000
26.459000
27.002000
23.587000
21.422000
21.563000
21.429000
23.276000
25.640000
29.366000
32.853000
28.939000
28.733000
28.381000
31.839000
38.636000
30.507000
31.351000
35.421000
31.293000
28.972000
28.892000
36.029000
33.831000
24.934000
30.434000
29.938000
26.745000
24.927000
25.687000
24.449000
25.130000
25.119000
26.632000
23.873000
24.851000
25.441000
24.840000
24.514000
32.846000
35.355000
29.464000
29.258000
29.616000
26.857000
24.442000
30.652000
27.320000
24.000000
25.369000
24.681000
22.113000
23.750000
21.987000
21.632000
23.145000
24.616000
27.324000
24.043000
23.308000
29.931000
27.936000
26.039000
26.582000
25.698000
27.016000
39.954000
31.600000
26.509000
25.883000
32.335000
28.602000
25.086000
24.554000
25.238000
23.985000
21.990000
21.835000
22.548000
30.949000
28.537000
25.753000
26.995000
27.128000
28.436000
27.722000
28.005000
31.934000
28.370000
29.511000
38.060000
27.929000
26.466000
25.162000
25.155000
27.023000
30.746000
24.290000
27.212000
27.034000
25.249000
25.926000
25.952000
25.314000
23.555000
23.363000
22.016000
21.715000
21.038000
19.593000
18.782000
19.227000
19.325000
19.112000
19.332000
19.481000
19.293000
18.482000
18.840000
19.437000
18.666000
18.793000
18.800000
18.185000
18.369000
19.010000
19.115000
19.611000
19.072000
19.010000
18.934000
19.568000
19.430000
19.897000
21.625000
19.977000
19.810000
20.006000
21.567000
25.789000
22.211000
21.603000
20.900000
22.092000
22.005000
20.940000
24.873000
25.025000
21.168000
21.646000
24.438000
26.549000
24.492000
24.905000
26.846000
27.559000
28.222000
25.561000
24.789000
24.652000
23.761000
29.717000
30.369000
32.643000
27.320000
27.708000
32.622000
28.233000
25.264000
26.292000
30.673000
29.489000
26.046000
25.238000
24.601000
23.138000
28.657000
30.170000
25.459000
23.779000
29.384000
27.585000
28.573000
26.256000
26.068000
37.242000
30.167000
25.119000
24.337000
24.988000
29.192000
30.768000
25.466000
23.116000
23.801000
27.118000
28.432000
23.718000
23.841000
25.054000
22.552000
22.577000
22.559000
25.937000
25.771000
29.507000
27.396000
30.612000
31.050000
28.352000
27.165000
29.649000
33.813000
24.590000
30.500000
26.564000
23.326000
23.975000
29.823000
27.281000
23.609000
23.192000
23.743000
33.552000
26.944000
32.647000
30.123000
31.839000
29.489000
32.488000
28.428000
30.496000
30.634000
27.320000
26.165000
32.462000
37.394000
31.213000
34.160000
29.211000
29.956000
31.242000
25.908000
24.275000
24.090000
23.200000
23.790000
33.465000
26.451000
24.377000
25.633000
28.530000
26.741000
26.097000
25.944000
34.885000
33.748000
26.940000
26.701000
36.014000
30.753000
25.246000
31.227000
25.354000
24.029000
22.809000
22.103000
24.891000
23.862000
20.397000
20.810000
20.752000
21.545000
26.716000
23.497000
23.066000
22.780000
22.877000
23.605000
24.127000
23.616000
23.399000
22.820000
20.875000
20.404000
20.296000
19.691000
19.818000
19.789000
19.854000
19.535000
19.521000
18.862000
19.050000
21.733000
24.608000
19.858000
22.338000
22.892000
22.175000
22.284000
21.874000
22.251000
22.117000
21.331000
20.897000
20.603000
20.397000
19.955000
19.963000
19.094000
23.815000
24.724000
20.940000
20.741000
25.662000
27.777000
23.142000
24.384000
25.448000
28.682000
30.637000
25.557000
27.005000
27.375000
26.882000
26.448000
30.195000
31.619000
26.882000
32.806000
30.416000
28.986000
28.823000
32.571000
27.831000
26.325000
24.778000
22.084000
22.059000
20.915000
27.371000
22.573000
23.269000
23.366000
23.395000
23.772000
23.453000
22.943000
22.508000
23.145000
24.749000
32.426000
28.331000
25.734000
34.389000
35.482000
26.057000
25.329000
27.063000
24.637000
22.407000
24.290000
24.232000
20.879000
20.357000
22.092000
24.308000
23.515000
22.896000
23.746000
24.673000
30.478000
30.130000
26.524000
27.494000
43.720000
32.433000
29.116000
27.176000
26.759000
25.521000
26.719000
32.093000
34.834000
26.053000
25.075000
23.848000
28.682000
28.204000
23.721000
23.616000
24.217000
23.410000
23.297000
23.345000
23.616000
23.681000
24.123000
24.094000
24.098000
23.873000
23.736000
23.768000
23.754000
21.911000
21.277000
20.839000
20.339000
20.223000
20.234000
19.401000
19.532000
19.919000
19.858000
20.821000
21.038000
21.281000
22.407000
23.547000
23.247000
23.721000
24.105000
24.185000
23.967000
23.547000
23.573000
23.544000
23.015000
22.360000
21.838000
21.824000
21.259000
20.752000
20.299000
20.314000
19.836000
19.897000
19.619000
20.546000
20.712000
21.574000
21.835000
22.237000
22.204000
22.646000
21.994000
22.798000
21.791000
21.422000
21.389000
20.879000
20.792000
20.191000
19.832000
19.926000
19.836000
20.020000
19.293000
19.235000
18.949000
18.891000
19.709000
19.622000
19.843000
20.868000
20.716000
20.792000
20.875000
21.777000
21.306000
22.410000
28.316000
23.341000
21.903000
24.337000
26.484000
23.312000
22.986000
22.099000
21.161000
21.277000
24.029000
25.868000
22.095000
22.052000
21.896000
23.033000
22.982000
24.377000
31.619000
34.142000
27.255000
27.856000
28.244000
28.001000
27.708000
36.228000
32.292000
26.821000
25.731000
25.246000
25.039000
31.354000
25.249000
23.746000
22.106000
20.861000
20.404000
20.383000
31.307000
32.788000
26.484000
26.777000
29.768000
31.644000
29.696000
27.444000
27.657000
29.026000
28.302000
33.896000
34.921000
29.279000
32.998000
31.427000
33.780000
25.666000
24.789000
32.259000
26.375000
25.608000
26.187000
32.766000
27.208000
27.871000
26.520000
26.708000
26.498000
26.672000
26.661000
24.941000
26.064000
32.603000
38.687000
30.992000
29.823000
29.765000
30.344000
29.500000
32.194000
29.971000
26.198000
26.006000
24.474000
23.667000
22.979000
22.247000
22.624000
23.978000
24.177000
25.289000
33.491000
28.247000
26.444000
26.274000
34.265000
37.734000
32.408000
29.743000
29.055000
28.986000
36.500000
32.792000
29.073000
25.528000
25.235000
24.608000
23.964000
22.823000
25.065000
28.718000
24.482000
24.909000
25.441000
26.227000
26.039000
26.694000
25.351000
23.605000
24.380000
29.526000
37.043000
30.717000
29.279000
26.951000
26.781000
25.521000
31.427000
27.147000
26.046000
24.112000
26.002000
28.204000
27.310000
24.597000
23.989000
25.876000
26.285000
26.183000
26.933000
30.358000
26.028000
24.478000
24.865000
25.054000
24.862000
24.804000
24.214000
23.417000
23.080000
22.066000
21.889000
22.334000
21.704000
21.168000
20.763000
20.064000
19.745000
19.293000
19.590000
20.752000
20.690000
21.654000
22.410000
23.243000
23.453000
22.841000
23.022000
23.185000
23.631000
23.363000
22.671000
22.649000
22.247000
22.132000
24.420000
27.809000
23.073000
27.386000
28.313000
23.783000
22.678000
23.631000
24.746000
25.068000
23.638000
25.376000
27.737000
27.512000
24.304000
23.127000
29.736000
31.503000
29.392000
28.418000
33.223000
30.764000
30.492000
26.853000
26.585000
29.091000
30.105000
25.944000
33.255000
33.013000
25.622000
25.075000
26.249000
26.654000
25.771000
27.788000
33.462000
31.749000
27.494000
26.227000
26.202000
31.264000
31.789000
32.799000
29.670000
27.549000
26.904000
27.310000
37.408000
32.249000
25.025000
25.495000
27.878000
25.977000
24.826000
23.815000
24.956000
24.391000
23.956000
27.574000
27.215000
25.810000
28.711000
29.605000
32.133000
28.421000
37.448000
39.248000
33.230000
29.993000
31.810000
28.943000
34.704000
28.794000
31.050000
27.903000
23.594000
24.239000
24.014000
23.493000
23.073000
24.239000
23.337000
27.237000
25.322000
29.410000
31.691000
25.434000
25.756000
38.444000
35.641000
29.797000
29.037000
32.426000
28.791000
25.325000
33.795000
25.658000
23.482000
29.533000
27.233000
24.844000
24.927000
22.754000
23.174000
24.304000
24.833000
24.623000
23.743000
24.373000
23.714000
24.025000
24.652000
34.139000
35.102000
30.496000
35.765000
31.293000
27.806000
26.397000
31.488000
27.643000
26.477000
24.438000
23.757000
26.397000
23.689000
22.099000
21.831000
26.651000
29.207000
24.804000
24.811000
24.999000
25.046000
25.217000
25.600000
23.743000
24.811000
25.054000
24.630000
24.239000
23.515000
22.103000
21.281000
20.727000
20.506000
20.469000
20.241000
20.288000
20.238000
19.937000
19.886000
20.683000
22.798000
22.251000
22.783000
24.145000
23.594000
23.569000
24.293000
24.641000
24.163000
23.301000
23.037000
22.791000
23.265000
21.831000
22.801000
27.588000
22.385000
24.619000
26.622000
22.284000
21.780000
22.667000
23.475000
23.721000
23.044000
24.702000
24.735000
24.663000
24.898000
23.862000
24.988000
30.681000
35.345000
34.537000
27.020000
27.759000
30.279000
30.949000
33.932000
27.625000
26.491000
25.934000
25.419000
24.087000
23.670000
22.595000
23.352000
27.100000
29.330000
27.849000
31.698000
26.629000
26.958000
25.448000
27.302000
27.936000
30.004000
27.679000
32.437000
26.596000
32.462000
28.334000
33.071000
26.176000
26.310000
23.540000
23.200000
31.535000
23.402000
22.381000
22.903000
24.590000
25.615000
26.433000
32.940000
25.510000
27.052000
26.310000
26.669000
29.573000
34.121000
36.058000
30.923000
29.388000
42.945000
28.537000
27.556000
26.984000
27.339000
27.400000
26.679000
24.442000
23.435000
23.008000
21.578000
22.070000
22.269000
27.396000
31.861000
36.869000
33.375000
26.759000
29.468000
32.777000
27.621000
27.027000
26.705000
30.550000
29.435000
29.504000
30.985000
25.115000
30.554000
36.684000
28.016000
28.284000
33.027000
26.723000
26.205000
26.922000
27.643000
26.498000
26.408000
25.235000
26.328000
25.571000
25.477000
31.713000
29.757000
34.921000
31.119000
32.589000
29.355000
29.609000
32.241000
26.944000
26.057000
25.369000
24.576000
23.504000
22.896000
21.777000
21.465000
22.834000
22.450000
26.303000
29.366000
23.833000
23.565000
23.326000
23.913000
25.036000
25.249000
24.478000
23.953000
23.888000
23.192000
22.664000
22.316000
22.371000
22.088000
22.027000
21.635000
21.552000
21.255000
20.734000
20.694000
19.919000
21.606000
21.668000
21.969000
22.153000
22.910000
23.772000
24.818000
24.945000
24.742000
24.681000
24.387000
24.246000
23.605000
23.316000
23.783000
28.331000
30.040000
29.417000
22.733000
26.506000
27.722000
23.254000
23.866000
24.974000
25.528000
25.380000
27.791000
35.486000
29.493000
27.722000
28.005000
33.882000
31.456000
30.945000
29.942000
28.189000
30.778000
32.031000
33.925000
32.115000
36.804000
29.717000
26.799000
25.912000
29.978000
28.961000
24.018000
25.398000
24.659000
25.275000
25.532000
24.232000
23.692000
25.383000
28.099000
31.966000
35.678000
30.626000
28.747000
29.526000
26.111000
24.080000
28.591000
24.094000
22.686000
24.927000
31.655000
27.788000
27.230000
26.995000
24.293000
29.938000
26.433000
29.826000
31.485000
35.489000
28.896000
27.603000
25.608000
32.383000
34.899000
30.735000
30.264000
36.228000
29.917000
27.932000
34.215000
29.326000
25.662000
25.075000
29.859000
28.729000
25.195000
23.689000
24.793000
25.934000
25.626000
32.274000
36.116000
30.420000
29.924000
32.133000
29.004000
30.453000
35.236000
40.852000
31.535000
28.472000
27.266000
25.419000
30.424000
29.757000
29.833000
30.891000
25.137000
25.184000
29.287000
31.492000
27.085000
25.293000
24.434000
26.107000
25.293000
25.314000
27.273000
24.923000
26.466000
31.119000
32.538000
28.363000
26.364000
25.999000
25.409000
24.420000
27.998000
36.626000
24.883000
24.985000
26.962000
28.541000
24.717000
22.798000
24.891000
23.931000
22.925000
27.393000
28.117000
22.465000
22.407000
23.678000
30.337000
24.891000
25.130000
25.170000
24.539000
23.902000
21.983000
21.936000
20.386000
21.183000
19.984000
21.074000
20.339000
19.637000
20.100000
18.912000
24.362000
21.541000
20.926000
20.517000
20.998000
21.509000
21.378000
20.585000
21.838000
22.533000
22.037000
22.182000
22.287000
21.987000
21.679000
21.643000
22.642000
24.058000
21.697000
21.291000
22.233000
24.695000
23.576000
30.047000
24.967000
25.322000
24.033000
25.966000
26.647000
24.793000
26.379000
24.424000
23.714000
25.619000
33.212000
35.355000
28.968000
29.182000
28.990000
27.429000
28.602000
31.778000
25.209000
24.601000
24.576000
23.580000
23.779000
22.791000
21.668000
25.582000
30.608000
25.079000
25.481000
25.463000
26.658000
25.818000
27.954000
30.800000
33.440000
28.678000
27.353000
27.147000
33.313000
27.425000
27.520000
27.798000
25.995000
31.380000
31.246000
24.710000
24.033000
22.906000
23.946000
28.005000
27.154000
33.523000
29.985000
27.780000
30.391000
29.413000
33.143000
31.383000
31.173000
31.532000
27.672000
26.259000
24.746000
24.101000
27.063000
27.827000
27.950000
28.399000
23.417000
26.643000
30.174000
24.836000
24.442000
28.523000
26.991000
30.011000
29.192000
26.712000
26.556000
26.708000
28.414000
29.928000
24.945000
26.868000
34.552000
30.543000
26.966000
25.028000
29.956000
26.086000
28.812000
25.847000
22.559000
26.310000
28.794000
22.461000
22.722000
27.197000
35.551000
28.523000
30.297000
31.619000
27.266000
27.896000
26.354000
27.215000
26.871000
31.966000
26.430000
25.108000
23.229000
23.450000
27.451000
26.614000
23.004000
23.899000
27.353000
28.591000
23.037000
24.572000
23.265000
24.467000
23.529000
23.736000
23.486000
23.975000
23.699000
31.836000
25.695000
24.688000
24.605000
23.323000
22.830000
23.069000
22.360000
22.258000
21.241000
21.190000
21.049000
20.810000
20.890000
21.074000
20.133000
19.999000
19.419000
19.941000
20.517000
20.220000
20.299000
21.639000
20.853000
21.563000
22.762000
23.015000
23.120000
22.526000
21.744000
21.780000
21.675000
20.922000
20.350000
21.396000
24.876000
25.582000
21.755000
21.755000
22.244000
22.269000
22.421000
25.890000
30.746000
26.115000
27.552000
25.876000
26.488000
26.473000
26.180000
26.422000
31.897000
29.294000
36.355000
28.950000
36.145000
26.890000
27.530000
32.640000
27.128000
25.966000
24.456000
23.435000
22.403000
21.357000
22.700000
23.909000
28.968000
43.401000
30.145000
30.521000
32.947000
29.439000
27.614000
35.739000
30.112000
27.074000
29.421000
35.794000
27.491000
25.387000
27.780000
33.436000
27.313000
25.633000
25.249000
24.380000
23.891000
22.168000
23.395000
27.042000
26.296000
24.970000
24.333000
24.543000
25.043000
26.459000
29.388000
32.491000
39.527000
32.676000
27.458000
27.498000
33.429000
29.938000
28.226000
26.317000
24.630000
32.136000
25.253000
24.163000
28.675000
24.949000
25.807000
27.871000
25.311000
27.034000
26.477000
26.582000
26.553000
26.875000
24.217000
32.317000
38.354000
29.087000
29.594000
37.709000
33.433000
31.151000
33.936000
29.004000
28.972000
28.537000
25.550000
24.996000
22.932000
22.671000
22.541000
24.253000
23.783000
27.835000
28.664000
34.313000
29.920000
27.639000
38.046000
40.305000
32.013000
29.522000
29.616000
32.386000
30.992000
23.833000
29.964000
26.698000
23.754000
22.747000
22.171000
22.490000
26.821000
24.782000
23.163000
23.399000
24.529000
23.804000
23.623000
22.805000
22.544000
22.019000
22.135000
23.830000
23.004000
23.450000
22.436000
23.678000
23.142000
22.237000
20.958000
20.455000
20.589000
19.705000
19.640000
19.963000
18.869000
19.571000
19.868000
19.387000
19.046000
19.999000
20.553000
21.212000
21.237000
20.951000
22.218000
22.338000
21.824000
22.008000
22.345000
22.418000
21.766000
21.672000
21.100000
20.578000
20.607000
19.275000
19.416000
23.366000
24.243000
20.292000
21.129000
21.979000
24.934000
25.629000
25.090000
25.753000
30.340000
27.751000
26.864000
33.679000
37.144000
30.717000
27.310000
28.001000
26.622000
26.046000
31.293000
30.272000
28.410000
27.617000
25.093000
24.416000
26.582000
29.942000
24.876000
24.623000
24.185000
26.039000
25.941000
26.821000
26.665000
25.119000
32.737000
37.724000
38.614000
29.457000
29.240000
33.349000
30.684000
26.191000
33.592000
31.075000
32.140000
26.169000
27.074000
31.463000
23.917000
23.077000
23.279000
26.748000
30.087000
26.651000
33.248000
29.196000
26.973000
26.908000
28.204000
31.075000
33.425000
30.753000
30.623000
35.743000
30.539000
28.041000
33.472000
27.009000
26.252000
24.949000
24.550000
32.299000
24.887000
22.725000
23.971000
26.169000
27.516000
33.407000
28.197000
30.083000
28.819000
28.762000
27.842000
30.300000
42.478000
32.980000
29.431000
29.732000
29.526000
27.089000
32.813000
27.947000
31.177000
28.258000
25.546000
24.637000
24.648000
24.025000
27.223000
32.451000
26.419000
25.883000
26.853000
32.600000
30.290000
29.967000
28.298000
28.707000
27.654000
31.351000
36.355000
27.762000
25.304000
24.358000
28.284000
34.197000
31.720000
32.578000
31.709000
27.063000
26.285000
24.380000
24.141000
31.546000
27.190000
24.547000
24.641000
24.797000
23.946000
23.366000
24.456000
22.957000
22.950000
23.287000
23.399000
23.232000
22.581000
23.062000
21.806000
22.693000
22.642000
21.744000
21.701000
21.838000
21.136000
21.567000
21.092000
20.991000
21.523000
21.650000
22.457000
22.653000
23.254000
23.591000
23.526000
23.594000
23.019000
23.091000
24.449000
23.721000
23.884000
23.982000
22.135000
22.747000
26.473000
23.935000
27.197000
25.850000
22.921000
23.594000
23.058000
25.017000
28.486000
24.894000
25.032000
27.201000
30.778000
26.571000
26.705000
27.118000
31.485000
29.410000
32.285000
27.838000
26.589000
25.745000
34.523000
31.919000
31.575000
33.498000
26.111000
31.991000
30.482000
26.230000
25.383000
27.063000
27.049000
27.063000
28.700000
26.904000
26.734000
26.426000
26.940000
27.856000
33.541000
32.506000
29.678000
28.845000
36.282000
31.713000
33.943000
28.037000
25.358000
26.502000
30.297000
27.527000
24.934000
23.580000
26.781000
32.473000
27.190000
26.270000
30.844000
28.609000
31.684000
27.226000
27.346000
27.961000
26.611000
26.980000
28.624000
27.802000
33.726000
26.158000
30.666000
29.145000
25.796000
26.002000
27.168000
24.558000
23.482000
23.435000
24.047000
23.935000
28.005000
44.549000
36.731000
35.138000
34.215000
31.666000
30.561000
31.568000
30.395000
33.592000
31.253000
27.078000
31.991000
27.328000
33.483000
28.530000
26.401000
33.233000
26.223000
24.217000
23.967000
24.612000
24.449000
25.057000
25.434000
27.161000
34.291000
27.943000
27.751000
26.810000
28.063000
28.088000
34.396000
38.339000
28.005000
26.281000
31.311000
29.750000
25.036000
24.358000
27.549000
29.855000
25.285000
24.735000
30.174000
28.588000
24.112000
23.920000
24.474000
24.098000
22.867000
23.250000
23.681000
22.389000
22.718000
22.718000
22.552000
23.048000
22.501000
22.707000
22.204000
21.780000
20.325000
19.839000
19.767000
19.622000
19.405000
19.343000
19.553000
19.249000
18.883000
19.995000
20.187000
21.078000
21.574000
22.008000
22.052000
21.755000
22.678000
22.016000
22.979000
21.277000
22.374000
21.654000
21.512000
19.890000
20.441000
19.992000
23.584000
26.100000
20.209000
20.151000
20.781000
20.136000
22.012000
22.360000
22.287000
21.911000
22.964000
25.818000
24.949000
24.138000
24.894000
28.762000
31.774000
29.316000
31.046000
32.944000
28.139000
25.763000
26.136000
25.561000
22.729000
25.065000
28.244000
23.402000
31.600000
27.987000
24.456000
24.311000
24.387000
25.285000
25.532000
26.046000
25.999000
25.242000
25.206000
28.313000
35.077000
31.213000
29.870000
31.293000
34.548000
28.801000
24.988000
24.818000
24.931000
24.587000
23.685000
23.942000
22.486000
21.422000
21.277000
28.284000
29.200000
23.891000
25.807000
25.930000
24.952000
26.422000
23.591000
24.243000
23.707000
23.721000
23.482000
23.634000
23.254000
22.562000
22.479000
22.613000
20.538000
23.421000
22.189000
21.690000
22.472000
21.827000
29.265000
28.403000
22.465000
22.801000
24.025000
22.066000
23.428000
21.842000
20.842000
22.077000
20.535000
21.313000
20.636000
21.498000
21.603000
21.034000
19.669000
19.122000
18.949000
18.938000
18.836000
18.724000
19.271000
19.937000
28.204000
23.551000
19.934000
19.354000
23.511000
24.623000
21.386000
19.593000
19.086000
19.046000
19.401000
19.535000
19.814000
19.159000
18.518000
19.170000
17.884000
17.616000
17.381000
17.308000
17.087000
16.881000
17.066000
16.374000
16.352000
16.291000
15.288000
15.364000
15.556000
15.690000
15.893000
17.182000
16.856000
16.906000
17.229000
16.834000
17.196000
17.421000
16.921000
16.914000
16.526000
16.352000
16.157000
16.186000
16.001000
15.469000
16.027000
15.947000
15.411000
16.381000
15.845000
15.719000
15.856000
16.244000
16.389000
16.624000
16.573000
16.450000
16.465000
16.381000
16.262000
16.378000
16.258000
16.179000
15.248000
15.570000
15.378000
15.313000
15.320000
15.270000
16.218000
15.983000
17.142000
26.202000
24.235000
17.392000
16.218000
21.002000
18.377000
18.587000
18.235000
18.224000
18.739000
17.370000
17.746000
18.663000
17.819000
17.515000
16.041000
15.722000
15.882000
15.766000
15.697000
14.962000
15.585000
16.019000
16.160000
20.803000
18.742000
17.757000
18.355000
17.609000
17.841000
17.985000
17.823000
17.283000
16.932000
17.978000
17.674000
18.123000
17.924000
17.522000
15.878000
15.483000
15.190000
15.074000
14.984000
14.813000
15.136000
15.505000
15.864000
15.266000
15.034000
15.650000
15.614000
15.911000
16.251000
15.672000
15.856000
16.262000
16.327000
16.696000
18.974000
18.156000
17.153000
16.599000
15.396000
15.266000
14.897000
14.810000
14.603000
14.451000
15.266000
15.697000
15.552000
13.311000
16.189000
13.477000
13.662000
13.984000
13.590000
16.189000
18.952000
19.086000
18.206000
17.975000
17.757000
16.664000
15.871000
15.367000
14.202000
13.890000
13.792000
13.604000
13.586000
13.416000
13.959000
14.169000
11.298000
13.586000
13.416000
13.959000
14.169000
11.298000
13.919000
16.899000
16.548000
16.305000
16.352000
16.302000
16.168000
16.284000
15.922000
15.121000
13.847000
13.499000
13.492000
13.195000
13.206000
12.840000
12.815000
10.338000
8.697600
8.433300
8.422400
9.153900
12.471000
12.235000
12.739000
13.934000
14.216000
14.455000
14.665000
15.389000
15.661000
15.570000
14.575000
14.477000
13.141000
13.021000
13.151000
12.739000
12.279000
12.413000
12.329000
12.536000
12.217000
12.196000
12.840000
12.641000
12.818000
12.963000
12.898000
12.934000
13.763000
14.270000
13.669000
14.444000
14.596000
14.100000
14.307000
14.202000
12.829000
12.833000
12.858000
12.616000
12.742000
12.427000
13.050000
12.771000
13.789000
16.573000
18.203000
15.244000
15.874000
16.718000
15.570000
14.419000
14.788000
15.020000
15.302000
15.483000
15.244000
14.462000
14.401000
14.307000
13.477000
13.771000
13.293000
12.989000
13.195000
12.960000
13.209000
13.514000
13.032000
13.314000
19.738000
18.337000
15.436000
15.726000
20.068000
16.374000
16.465000
16.331000
16.555000
16.649000
15.223000
14.705000
14.531000
14.343000
13.365000
13.419000
13.452000
12.844000
12.626000
12.579000
12.413000
12.923000
12.750000
12.659000
12.728000
13.101000
13.771000
13.905000
13.695000
13.785000
13.738000
14.013000
14.082000
14.042000
13.818000
13.575000
13.485000
13.354000
12.956000
12.898000
12.840000
12.887000
12.840000
12.760000
13.329000
13.409000
13.184000
12.956000
13.184000
13.955000
14.343000
12.764000
14.451000
14.632000
14.640000
14.618000
14.636000
14.708000
14.701000
14.444000
14.173000
14.013000
12.927000
12.579000
12.746000
12.391000
12.391000
12.340000
12.728000
13.144000
16.888000
15.118000
15.016000
17.015000
15.820000
16.215000
16.642000
15.118000
14.553000
14.766000
14.911000
15.034000
14.984000
14.918000
14.513000
14.462000
14.049000
13.227000
13.086000
12.974000
12.764000
12.952000
12.880000
12.894000
12.692000
12.601000
12.764000
13.010000
13.184000
13.434000
13.246000
13.130000
13.054000
13.072000
13.119000
13.184000
13.126000
12.916000
13.351000
14.035000
13.937000
13.543000
13.307000
13.235000
13.401000
13.687000
13.705000
13.966000
13.771000
13.629000
13.716000
13.782000
13.887000
13.890000
13.818000
13.767000
13.843000
13.992000
14.154000
14.057000
14.140000
14.060000
14.020000
14.317000
13.767000
13.072000
12.869000
12.775000
12.695000
13.220000
13.122000
13.695000
13.807000
14.053000
14.433000
14.908000
14.915000
14.893000
15.024000
15.306000
15.139000
15.049000
15.034000
14.835000
14.759000
14.785000
14.614000
14.835000
14.386000
13.680000
13.626000
13.416000
12.970000
13.499000
13.412000
13.767000
17.942000
18.413000
17.145000
16.208000
16.030000
21.096000
16.888000
16.226000
16.374000
16.667000
15.440000
15.183000
14.890000
14.785000
14.690000
14.918000
14.303000
13.517000
13.293000
13.188000
12.862000
13.296000
13.075000
13.383000
13.506000
14.278000
16.852000
17.602000
17.229000
16.979000
17.160000
18.311000
18.970000
18.949000
18.941000
19.065000
18.873000
18.369000
18.112000
17.641000
17.221000
16.613000
16.251000
15.744000
15.429000
15.795000
15.726000
16.313000
16.512000
16.588000
16.892000
17.323000
17.428000
17.924000
18.608000
18.547000
18.568000
20.303000
21.248000
19.789000
19.626000
19.847000
19.206000
16.921000
16.164000
15.704000
16.468000
15.762000
15.755000
16.074000
16.005000
16.508000
17.316000
18.206000
18.199000
18.652000
18.916000
19.307000
18.967000
18.170000
18.525000
18.797000
18.742000
18.764000
18.590000
18.351000
18.062000
17.388000
16.867000
16.258000
16.182000
16.240000
15.737000
16.204000
16.552000
16.838000
16.548000
16.624000
16.769000
17.374000
17.392000
17.866000
17.967000
18.083000
18.170000
18.090000
18.170000
18.033000
17.591000
17.279000
17.457000
17.352000
16.751000
16.030000
15.701000
15.523000
15.545000
15.715000
15.549000
15.679000
15.520000
15.273000
16.189000
16.150000
16.349000
16.769000
16.874000
16.986000
17.247000
17.276000
17.562000
17.739000
17.772000
17.591000
17.504000
17.337000
16.845000
16.099000
15.806000
15.632000
15.588000
16.186000
16.244000
17.164000
18.090000
18.420000
18.916000
19.807000
20.361000
20.636000
24.080000
22.798000
21.578000
22.693000
21.733000
20.824000
19.872000
19.749000
20.191000
19.398000
18.902000
18.167000
16.649000
16.820000
16.722000
16.801000
16.660000
16.812000
18.427000
19.582000
19.796000
20.104000
20.024000
20.057000
20.940000
20.412000
25.354000
28.265000
23.026000
22.852000
22.175000
23.156000
20.937000
19.456000
19.065000
18.373000
18.105000
17.605000
17.544000
17.779000
17.819000
18.275000
18.699000
19.716000
26.176000
24.163000
22.935000
26.165000
30.373000
24.489000
26.480000
28.743000
25.557000
24.228000
23.844000
24.366000
23.388000
21.291000
19.561000
18.673000
18.608000
18.369000
18.148000
18.395000
18.272000
18.706000
20.491000
21.252000
21.270000
27.360000
27.205000
24.579000
28.711000
24.311000
24.786000
24.239000
25.007000
23.754000
22.193000
20.705000
20.629000
20.002000
19.075000
17.772000
18.011000
18.033000
17.880000
18.090000
17.982000
18.366000
18.641000
22.472000
20.473000
19.126000
19.358000
19.456000
19.734000
20.010000
20.343000
20.574000
21.132000
20.267000
20.256000
19.774000
19.763000
21.552000
27.378000
24.315000
20.028000
19.680000
19.709000
19.597000
18.467000
24.793000
19.988000
20.013000
19.267000
19.416000
19.307000
17.931000
17.909000
18.192000
18.539000
18.529000
18.702000
18.695000
18.684000
18.626000
18.855000
18.152000
17.526000
17.482000
17.142000
17.059000
17.138000
17.167000
16.693000
17.269000
21.498000
18.771000
18.319000
18.608000
19.188000
18.011000
18.601000
18.898000
18.782000
19.253000
19.097000
18.999000
18.880000
18.826000
19.079000
18.500000
17.913000
17.587000
17.536000
17.609000
17.424000
17.446000
17.326000
17.833000
18.434000
18.641000
18.840000
19.640000
19.988000
21.335000
20.593000
20.162000
21.509000
24.203000
31.644000
29.413000
24.406000
22.838000
23.323000
22.602000
21.722000
21.299000
20.176000
27.929000
21.342000
19.611000
23.131000
25.557000
21.625000
21.914000
21.237000
22.867000
21.038000
21.809000
22.048000
20.618000
20.984000
24.554000
27.023000
26.375000
29.779000
25.141000
26.976000
23.048000
27.005000
25.144000
21.139000
21.711000
20.679000
21.230000
27.711000
21.194000
20.086000
21.299000
21.987000
22.530000
22.200000
26.614000
23.580000
21.838000
25.039000
28.649000
31.858000
24.916000
26.542000
24.047000
23.931000
23.775000
27.299000
25.351000
21.958000
20.926000
21.708000
24.601000
24.742000
21.581000
22.055000
22.468000
22.059000
22.519000
22.772000
23.388000
27.396000
25.716000
23.949000
25.014000
24.214000
27.118000
36.554000
28.215000
24.177000
22.896000
25.361000
26.871000
23.779000
22.139000
24.941000
25.619000
22.657000
21.266000
26.256000
32.701000
25.365000
24.833000
26.705000
24.159000
24.583000
25.383000
29.232000
25.637000
29.142000
38.397000
28.620000
25.948000
24.746000
24.681000
24.442000
21.969000
21.349000
21.465000
19.763000
19.803000
18.670000
18.253000
18.181000
17.457000
17.334000
18.170000
18.677000
18.760000
19.430000
19.195000
19.195000
19.173000
19.300000
19.202000
18.833000
18.735000
19.314000
19.151000
18.311000
17.761000
17.240000
17.276000
17.258000
17.135000
17.120000
17.348000
17.584000
17.044000
17.062000
17.334000
17.833000
17.913000
18.297000
18.565000
18.445000
18.619000
18.377000
18.514000
18.217000
18.315000
18.351000
18.626000
18.000000
17.511000
17.381000
16.997000
17.446000
17.247000
16.827000
18.014000
20.861000
23.949000
20.495000
20.958000
21.567000
24.264000
31.883000
24.152000
24.804000
34.537000
31.220000
27.950000
29.453000
25.061000
27.704000
32.524000
26.698000
22.222000
23.363000
22.751000
21.976000
21.324000
19.948000
20.560000
20.955000
31.611000
27.031000
25.553000
30.438000
29.308000
26.397000
23.670000
24.253000
29.627000
25.955000
24.112000
23.211000
27.722000
28.461000
23.279000
30.322000
28.244000
23.471000
24.717000
24.793000
22.139000
21.002000
19.992000
26.546000
25.441000
20.918000
24.695000
24.822000
23.098000
23.526000
23.066000
22.867000
26.006000
28.675000
24.797000
24.648000
28.019000
35.594000
32.654000
24.087000
22.323000
22.486000
23.334000
21.567000
21.389000
21.277000
20.089000
24.583000
26.813000
26.151000
26.911000
28.153000
29.873000
26.209000
25.463000
25.564000
32.683000
31.061000
24.858000
31.553000
25.564000
25.535000
26.940000
30.083000
24.333000
24.460000
34.867000
29.667000
23.316000
24.094000
27.878000
25.144000
23.497000
22.638000
26.205000
32.187000
28.689000
28.023000
25.579000
23.696000
25.151000
28.070000
34.751000
26.966000
27.657000
31.952000
34.461000
25.742000
23.402000
23.536000
22.030000
21.759000
21.404000
19.380000
19.347000
19.590000
19.300000
18.717000
18.898000
19.398000
19.687000
20.209000
19.926000
20.918000
21.291000
20.640000
20.944000
20.842000
20.285000
20.517000
19.999000
18.862000
18.985000
18.883000
18.583000
18.590000
18.539000
18.561000
18.847000
18.337000
17.417000
17.830000
18.362000
18.934000
19.814000
20.542000
20.093000
19.825000
20.415000
19.749000
20.321000
19.615000
18.688000
19.227000
18.829000
17.649000
17.555000
17.345000
17.370000
17.218000
17.055000
17.120000
17.779000
18.873000
20.929000
34.396000
25.865000
23.631000
22.805000
25.423000
23.956000
24.094000
24.883000
26.817000
25.622000
22.631000
28.823000
27.429000
22.497000
21.599000
20.806000
21.954000
21.433000
23.236000
25.673000
20.792000
20.792000
21.331000
29.163000
26.401000
22.863000
23.526000
25.412000
24.855000
24.033000
24.608000
24.797000
27.454000
29.841000
24.931000
23.913000
22.990000
22.888000
21.154000
27.346000
29.276000
27.943000
22.718000
22.577000
21.932000
21.357000
22.023000
21.563000
21.998000
22.515000
22.816000
21.234000
21.302000
21.248000
21.487000
22.258000
27.885000
29.073000
27.226000
26.893000
24.525000
22.349000
23.815000
26.665000
21.433000
21.483000
28.461000
24.300000
21.270000
21.194000
25.264000
26.915000
22.838000
23.750000
26.716000
25.836000
26.006000
27.798000
24.489000
32.535000
27.940000
29.272000
27.396000
26.144000
28.026000
25.966000
29.645000
26.745000
24.329000
24.094000
30.300000
23.203000
21.679000
21.197000
21.766000
26.803000
24.355000
25.495000
25.043000
25.126000
30.724000
25.010000
26.216000
33.690000
32.665000
28.287000
27.339000
26.832000
25.720000
24.539000
27.396000
27.415000
25.405000
24.087000
22.899000
22.106000
20.078000
20.191000
20.285000
20.336000
20.158000
20.835000
21.161000
20.770000
20.712000
20.690000
20.777000
20.955000
21.150000
20.908000
20.842000
20.690000
20.241000
19.995000
19.640000
20.426000
18.916000
19.847000
19.800000
18.434000
19.028000
19.083000
18.862000
19.137000
19.300000
18.992000
19.829000
20.238000
19.499000
20.419000
19.724000
19.264000
19.296000
19.304000
18.960000
19.148000
19.083000
18.847000
18.402000
18.272000
18.185000
18.094000
18.101000
18.098000
18.156000
18.746000
25.821000
37.050000
24.018000
30.641000
33.806000
33.625000
27.375000
27.364000
27.755000
28.320000
30.358000
27.367000
26.386000
29.200000
23.786000
23.435000
22.573000
25.173000
29.174000
24.532000
22.045000
21.867000
21.027000
20.372000
21.552000
21.013000
20.397000
20.908000
29.040000
28.932000
22.816000
21.549000
22.309000
33.389000
30.025000
24.224000
23.938000
25.043000
23.113000
22.762000
20.995000
22.979000
29.011000
32.220000
23.660000
28.950000
26.473000
25.144000
24.996000
25.514000
23.211000
23.163000
22.497000
27.813000
24.246000
21.911000
21.617000
23.620000
27.961000
32.987000
26.622000
25.387000
24.735000
23.402000
30.492000
25.981000
23.471000
29.095000
23.355000
24.721000
22.421000
22.294000
21.751000
26.368000
24.634000
21.534000
21.943000
22.537000
21.396000
21.270000
21.972000
26.603000
20.643000
23.055000
26.071000
31.369000
26.169000
22.678000
23.221000
29.489000
32.180000
23.077000
24.978000
25.915000
23.287000
23.761000
24.203000
24.043000
22.584000
23.779000
29.225000
23.920000
23.084000
22.968000
31.517000
25.517000
27.367000
28.584000
27.241000
24.768000
23.192000
23.127000
23.670000
20.448000
19.832000
20.191000
19.716000
19.771000
19.691000
19.401000
19.807000
19.166000
19.065000
18.912000
19.256000
19.387000
19.021000
18.844000
18.822000
18.789000
19.108000
19.231000
19.021000
19.025000
19.007000
19.046000
18.692000
17.652000
17.359000
17.370000
17.446000
17.421000
17.355000
18.029000
18.467000
17.214000
17.272000
17.837000
17.685000
17.692000
17.931000
18.177000
18.217000
18.463000
18.594000
18.268000
17.993000
18.543000
18.315000
18.163000
18.170000
17.247000
16.834000
17.008000
17.667000
17.757000
17.989000
18.587000
19.847000
20.781000
27.002000
33.787000
25.597000
26.068000
29.468000
25.137000
25.452000
27.682000
32.270000
30.246000
24.337000
28.026000
28.103000
24.257000
21.936000
21.418000
29.124000
26.118000
24.337000
24.467000
29.641000
25.738000
21.255000
25.017000
25.915000
24.337000
27.563000
24.858000
27.389000
22.892000
24.308000
24.916000
22.899000
22.421000
28.526000
25.847000
23.967000
26.158000
26.310000
30.670000
36.978000
33.701000
23.341000
20.694000
28.276000
23.457000
23.580000
24.098000
24.337000
23.602000
23.250000
23.171000
24.170000
23.200000
23.135000
26.484000
32.908000
28.914000
22.841000
23.001000
24.663000
24.340000
30.268000
28.132000
26.057000
23.174000
23.413000
23.656000
21.737000
20.513000
22.001000
27.563000
22.092000
23.200000
26.770000
34.523000
26.491000
23.269000
23.732000
26.328000
31.343000
24.931000
28.642000
25.868000
27.838000
27.320000
30.753000
22.791000
22.066000
21.849000
20.506000
21.487000
22.247000
27.943000
25.847000
23.058000
21.835000
26.513000
22.993000
23.388000
31.173000
23.522000
23.775000
25.734000
28.240000
33.291000
28.733000
23.685000
23.888000
24.623000
31.383000
26.173000
22.914000
22.233000
21.664000
21.005000
19.481000
18.366000
18.228000
18.148000
18.058000
18.427000
18.145000
18.840000
19.423000
19.691000
19.684000
19.673000
19.546000
19.409000
19.398000
19.437000
19.474000
19.256000
19.061000
18.710000
18.909000
18.858000
18.608000
18.474000
18.634000
18.956000
19.065000
18.623000
18.547000
18.974000
19.057000
19.289000
19.481000
19.637000
19.879000
19.843000
20.104000
20.151000
19.608000
19.720000
19.488000
19.170000
18.836000
18.246000
18.119000
18.127000
18.105000
18.025000
17.928000
18.735000
20.162000
20.995000
27.415000
23.348000
23.221000
30.728000
26.299000
24.659000
32.488000
29.091000
33.545000
35.906000
27.940000
25.886000
25.180000
23.345000
25.810000
28.483000
26.361000
24.098000
22.074000
22.613000
22.023000
22.215000
21.969000
22.139000
21.516000
24.311000
26.198000
24.532000
25.810000
23.015000
23.953000
29.848000
28.935000
26.198000
29.413000
24.536000
24.605000
23.297000
26.781000
36.083000
28.504000
24.177000
23.920000
23.736000
23.627000
21.480000
22.302000
23.135000
23.265000
25.336000
29.602000
24.670000
25.173000
24.775000
24.619000
27.125000
36.826000
29.656000
25.021000
25.032000
33.317000
25.405000
23.402000
23.218000
22.045000
22.247000
21.487000
21.194000
20.900000
20.441000
21.639000
22.135000
21.523000
32.940000
25.633000
22.392000
22.704000
22.360000
21.929000
27.233000
31.343000
27.100000
24.000000
23.355000
22.262000
22.801000
26.328000
23.851000
21.784000
20.578000
20.325000
20.549000
19.944000
19.097000
19.017000
18.692000
18.688000
18.460000
18.427000
18.275000
18.804000
18.250000
18.764000
18.348000
17.909000
17.928000
17.982000
18.011000
18.051000
17.920000
17.598000
17.547000
17.591000
17.551000
17.388000
17.623000
17.790000
17.895000
18.094000
17.884000
17.888000
17.768000
17.486000
17.985000
18.090000
17.877000
18.134000
18.268000
18.188000
17.877000
17.902000
18.482000
18.362000
17.996000
17.497000
17.319000
17.142000
16.780000
16.838000
16.917000
16.892000
17.095000
17.055000
16.910000
16.820000
17.087000
16.885000
17.142000
17.341000
16.903000
16.653000
16.682000
16.508000
16.722000
16.418000
16.686000
16.707000
16.349000
16.193000
16.331000
16.059000
16.182000
16.095000
16.160000
16.244000
16.736000
17.964000
23.913000
25.017000
20.618000
22.899000
21.816000
21.802000
20.372000
21.208000
24.029000
26.350000
33.693000
23.895000
21.965000
21.588000
21.766000
24.228000
26.144000
20.813000
23.681000
25.025000
27.530000
22.769000
21.342000
21.990000
23.457000
22.055000
20.332000
21.034000
21.621000
21.498000
20.661000
20.904000
27.976000
30.988000
28.034000
32.278000
27.179000
24.489000
23.681000
30.282000
25.441000
21.972000
21.212000
26.774000
26.144000
23.352000
21.512000
22.305000
33.023000
23.417000
23.833000
24.558000
26.259000
22.671000
21.447000
22.501000
23.511000
22.573000
25.332000
24.724000
21.740000
25.354000
27.472000
26.727000
25.800000
22.012000
22.095000
20.918000
21.400000
26.310000
24.800000
22.197000
27.244000
24.062000
24.297000
23.431000
23.743000
24.409000
20.632000
21.226000
24.072000
31.351000
27.389000
23.500000
29.837000
27.643000
22.559000
30.460000
23.428000
21.911000
23.399000
27.411000
25.676000
21.994000
21.034000
23.551000
27.581000
26.535000
23.450000
24.920000
30.818000
23.627000
21.157000
23.120000
29.250000
32.227000
30.623000
25.170000
24.076000
25.781000
27.795000
30.409000
21.961000
20.737000
21.878000
20.372000
21.110000
20.089000
19.510000
19.039000
18.927000
18.616000
19.007000
18.261000
18.181000
18.456000
18.286000
17.928000
17.982000
17.909000
17.928000
18.185000
17.877000
17.790000
17.736000
17.464000
17.569000
17.815000
17.558000
17.823000
18.170000
17.308000
17.591000
17.450000
15.795000
15.708000
15.751000
16.168000
16.349000
16.389000
16.276000
16.830000
16.570000
16.128000
16.135000
16.117000
16.305000
17.120000
16.389000
16.164000
16.602000
16.476000
16.077000
16.280000
16.562000
16.037000
16.953000
23.891000
24.033000
20.817000
21.657000
26.252000
26.386000
23.203000
22.428000
22.740000
22.671000
25.137000
26.053000
21.480000
21.661000
29.167000
23.051000
27.889000
26.524000
23.707000
29.355000
24.999000
22.226000
20.212000
19.524000
21.404000
21.853000
21.845000
22.838000
21.860000
22.921000
22.410000
23.580000
21.411000
27.132000
31.079000
28.222000
28.175000
24.492000
23.073000
21.592000
22.490000
21.081000
28.457000
21.223000
20.020000
20.227000
25.119000
25.198000
19.915000
20.951000
20.777000
20.730000
20.777000
20.339000
21.567000
19.709000
19.988000
21.472000
26.462000
28.845000
33.976000
27.371000
24.402000
22.385000
25.445000
32.220000
23.211000
22.620000
20.741000
22.638000
22.084000
20.383000
21.056000
21.567000
21.382000
21.085000
21.422000
21.150000
22.023000
20.777000
21.447000
24.644000
31.423000
29.399000
27.686000
30.445000
23.254000
22.269000
23.410000
29.374000
26.383000
28.128000
22.957000
22.990000
27.096000
27.958000
22.628000
22.635000
24.655000
27.183000
22.979000
26.118000
22.928000
21.136000
23.004000
22.906000
34.968000
25.716000
23.069000
23.091000
23.406000
21.480000
24.807000
27.346000
22.642000
21.121000
20.940000
20.553000
19.336000
19.184000
20.031000
19.351000
18.981000
19.017000
18.590000
19.032000
18.898000
18.554000
18.471000
17.873000
17.917000
17.786000
17.450000
17.674000
17.399000
17.138000
16.743000
16.646000
16.562000
16.360000
16.240000
16.338000
16.309000
16.479000
16.678000
16.124000
16.193000
16.193000
16.186000
16.439000
16.186000
16.342000
18.224000
20.060000
17.203000
17.348000
17.746000
17.699000
16.696000
16.179000
15.903000
16.099000
15.972000
16.048000
15.954000
15.889000
16.048000
16.541000
17.797000
30.478000
28.208000
23.305000
32.031000
34.859000
24.746000
23.377000
24.206000
25.600000
21.943000
22.628000
35.909000
25.937000
22.906000
21.998000
26.024000
22.331000
20.614000
29.127000
27.791000
20.730000
19.836000
20.875000
21.679000
20.582000
20.415000
23.587000
27.378000
21.751000
25.485000
22.110000
24.188000
29.080000
28.982000
26.354000
22.686000
22.678000
24.134000
22.298000
29.160000
22.313000
22.030000
27.179000
23.359000
22.675000
21.501000
21.353000
22.881000
27.748000
21.845000
25.542000
31.151000
25.206000
23.026000
21.129000
22.255000
23.127000
26.640000
27.306000
27.031000
23.736000
24.246000
26.933000
22.045000
21.512000
20.368000
29.149000
22.342000
25.003000
30.659000
23.540000
22.689000
21.871000
22.316000
19.800000
19.086000
19.521000
19.336000
19.336000
20.220000
19.155000
19.224000
19.304000
18.804000
18.141000
18.076000
17.978000
17.873000
17.352000
17.442000
17.996000
17.721000
17.656000
18.000000
18.036000
18.699000
18.605000
17.942000
23.116000
22.885000
19.666000
19.622000
22.483000
27.346000
20.339000
19.800000
19.372000
19.894000
21.690000
21.273000
19.514000
18.670000
18.369000
18.409000
17.598000
17.634000
17.558000
17.888000
18.025000
18.681000
17.982000
22.262000
22.729000
23.135000
28.247000
21.900000
19.680000
19.553000
19.763000
18.731000
18.246000
18.739000
22.255000
20.245000
18.847000
20.756000
23.160000
19.249000
18.413000
18.373000
18.337000
18.568000
18.641000
18.203000
18.138000
18.391000
18.290000
18.228000
18.098000
18.047000
18.163000
18.025000
18.080000
18.239000
18.297000
18.434000
18.431000
18.239000
17.964000
18.000000
17.957000
18.098000
18.576000
18.771000
18.453000
18.702000
18.934000
19.745000
19.829000
27.110000
23.424000
21.802000
24.409000
22.215000
21.367000
22.486000
22.186000
24.119000
25.633000
22.830000
21.270000
22.048000
21.954000
21.715000
21.429000
26.401000
26.100000
29.185000
23.453000
22.711000
21.150000
22.150000
27.625000
26.440000
22.237000
21.603000
24.927000
25.637000
21.719000
22.237000
25.666000
25.470000
23.565000
23.421000
28.675000
29.479000
22.816000
20.441000
22.465000
28.247000
25.662000
23.214000
25.202000
23.540000
21.610000
22.562000
23.815000
24.894000
31.474000
23.956000
23.058000
20.955000
19.977000
28.403000
28.899000
28.179000
27.505000
23.576000
23.044000
23.058000
22.345000
29.964000
22.548000
27.925000
24.521000
22.968000
24.699000
22.077000
21.234000
22.189000
22.856000
21.223000
21.310000
22.867000
22.660000
20.958000
19.800000
20.618000
25.832000
32.741000
23.917000
21.592000
27.617000
36.424000
25.332000
23.783000
24.040000
22.421000
22.421000
21.346000
24.355000
24.655000
19.977000
25.423000
25.984000
24.250000
21.205000
20.622000
26.618000
22.885000
21.972000
21.357000
22.103000
22.537000
24.724000
23.851000
34.765000
24.543000
21.759000
22.389000
23.551000
30.445000
25.553000
22.331000
21.139000
20.020000
25.571000
24.123000
21.107000
21.288000
21.176000
19.868000
19.177000
18.206000
17.775000
21.965000
23.127000
19.495000
20.520000
20.202000
18.894000
18.148000
17.931000
17.627000
18.004000
17.852000
18.402000
18.431000
17.678000
18.261000
18.369000
18.094000
18.398000
18.072000
18.456000
18.380000
18.402000
18.449000
17.884000
18.250000
18.518000
18.431000
18.181000
18.340000
18.022000
18.210000
18.326000
18.282000
21.650000
19.858000
24.290000
24.478000
20.651000
21.042000
20.679000
23.746000
24.500000
23.156000
22.244000
20.448000
20.375000
20.531000
19.144000
20.672000
20.672000
26.513000
27.371000
26.694000
24.257000
25.506000
22.682000
21.302000
25.238000
34.874000
22.450000
21.038000
21.494000
21.404000
21.052000
20.900000
22.313000
21.089000
21.726000
23.283000
28.291000
24.880000
21.125000
22.526000
22.526000
20.958000
20.314000
20.719000
21.505000
20.480000
19.329000
18.398000
17.978000
17.739000
17.352000
17.609000
17.334000
17.402000
17.515000
17.511000
17.283000
17.261000
17.247000
17.232000
17.417000
17.576000
17.417000
17.203000
16.620000
15.740000
15.469000
15.331000
15.306000
15.465000
15.961000
20.969000
29.254000
34.026000
24.724000
29.888000
27.914000
25.289000
22.566000
22.602000
21.853000
21.074000
22.171000
28.928000
24.080000
25.256000
22.356000
23.913000
31.629000
27.617000
25.702000
22.399000
23.641000
23.761000
23.135000
25.521000
26.031000
26.763000
24.344000
22.197000
26.502000
28.226000
21.697000
24.550000
28.993000
23.801000
26.973000
24.637000
23.645000
23.504000
27.389000
23.685000
32.618000
28.030000
26.408000
30.710000
27.788000
23.855000
22.262000
20.864000
25.734000
29.471000
23.026000
23.533000
21.838000
21.349000
21.472000
27.668000
34.229000
21.664000
20.567000
22.809000
22.892000
21.194000
20.828000
21.936000
21.342000
21.744000
20.252000
19.485000
19.448000
19.119000
18.887000
18.684000
18.742000
18.496000
18.518000
18.648000
18.858000
18.815000
18.851000
19.166000
19.021000
18.981000
18.894000
18.822000
18.807000
19.021000
18.811000
18.923000
18.851000
18.909000
19.307000
18.916000
18.666000
18.268000
18.883000
25.017000
22.700000
22.334000
28.117000
21.567000
20.437000
20.564000
21.407000
22.041000
20.622000
21.313000
20.777000
20.679000
22.186000
22.754000
20.777000
21.654000
24.228000
32.107000
24.228000
22.291000
25.923000
31.752000
25.434000
29.051000
25.434000
24.366000
23.073000
22.066000
21.472000
20.567000
20.339000
22.747000
27.291000
22.526000
25.622000
28.943000
24.630000
24.217000
23.109000
22.352000
21.570000
22.240000
32.792000
33.672000
25.564000
24.109000
25.293000
30.728000
29.066000
26.571000
23.479000
23.211000
23.370000
22.407000
20.763000
22.218000
21.979000
21.422000
22.957000
24.453000
22.088000
21.516000
20.524000
22.638000
24.724000
28.483000
28.153000
32.357000
26.216000
23.877000
23.504000
30.873000
27.121000
23.417000
23.975000
24.775000
30.210000
23.830000
22.055000
22.903000
23.468000
22.016000
22.736000
21.223000
20.672000
21.020000
19.832000
20.665000
22.559000
21.675000
24.833000
32.115000
28.975000
22.693000
21.893000
30.018000
25.535000
30.952000
25.807000
24.329000
24.818000
23.895000
21.925000
22.848000
26.517000
26.658000
22.237000
20.882000
21.288000
26.607000
24.713000
22.635000
27.339000
31.318000
29.066000
26.969000
29.030000
26.864000
22.523000
22.740000
20.835000
26.527000
26.973000
26.321000
23.464000
22.160000
22.494000
21.711000
21.400000
20.723000
26.209000
24.000000
20.766000
20.321000
20.958000
20.010000
20.346000
19.720000
19.122000
19.405000
19.437000
19.343000
18.974000
18.815000
18.811000
18.844000
19.054000
18.822000
19.122000
19.126000
19.130000
19.304000
18.909000
18.869000
18.369000
18.391000
18.308000
19.017000
18.503000
18.793000
18.938000
18.909000
18.949000
18.702000
18.934000
18.644000
19.300000
27.306000
23.439000
21.038000
21.241000
20.875000
20.154000
19.144000
19.463000
20.651000
20.853000
20.589000
20.900000
26.187000
28.729000
28.229000
21.751000
23.891000
24.398000
23.442000
27.190000
26.850000
27.230000
36.098000
28.852000
24.290000
25.452000
33.223000
24.148000
22.979000
22.979000
22.653000
21.838000
20.875000
22.718000
22.229000
29.019000
23.453000
23.830000
23.848000
22.005000
23.511000
24.804000
22.139000
26.419000
33.621000
28.725000
23.562000
21.751000
30.503000
24.778000
26.777000
26.154000
23.660000
26.560000
24.601000
22.783000
23.736000
23.609000
28.526000
26.882000
22.461000
22.113000
23.602000
21.277000
21.643000
22.045000
26.984000
26.864000
24.532000
27.947000
31.763000
26.817000
23.906000
23.533000
27.791000
23.736000
25.351000
22.066000
21.740000
20.969000
22.197000
22.447000
21.650000
21.291000
21.552000
21.147000
21.925000
20.839000
28.830000
29.949000
32.270000
33.730000
25.691000
24.565000
25.115000
23.587000
28.816000
23.044000
25.792000
29.641000
26.089000
29.261000
29.710000
22.993000
23.526000
23.555000
22.457000
21.661000
21.835000
24.228000
22.584000
20.962000
21.295000
25.079000
25.977000
24.159000
25.756000
33.139000
24.644000
22.961000
27.056000
12.920000
12.550000
12.641000
12.641000
12.891000
12.717000
12.894000
13.745000
13.209000
12.941000
12.659000
13.908000
13.101000
12.855000
12.634000
12.623000
12.427000
12.391000
12.402000
12.427000
12.597000
12.797000
12.869000
12.185000
25.836000
25.097000
25.278000
25.275000
25.778000
25.430000
25.785000
27.487000
26.412000
25.876000
25.318000
27.806000
26.194000
25.702000
25.260000
25.238000
24.844000
24.778000
24.797000
24.844000
25.188000
25.590000
25.734000
24.362000
20.375000
21.726000
21.538000
20.535000
19.926000
19.409000
19.046000
19.506000
26.546000
27.523000
25.774000
25.437000
27.462000
27.621000
25.510000
26.658000
28.501000
27.686000
27.849000
28.736000
30.525000
27.284000
25.669000
29.823000
12.224000
13.036000
12.923000
12.322000
11.957000
11.645000
11.428000
11.703000
15.929000
16.515000
15.462000
15.259000
16.476000
16.577000
15.310000
15.998000
17.102000
16.613000
16.707000
17.240000
18.311000
16.371000
15.400000
17.895000
16.298000
17.381000
17.229000
16.428000
15.943000
15.527000
15.237000
15.603000
21.241000
22.023000
20.614000
20.346000
21.969000
22.099000
20.412000
21.328000
22.801000
22.150000
22.276000
22.986000
24.416000
21.827000
20.535000
23.859000
25.832000
25.093000
25.275000
25.271000
25.774000
25.427000
25.781000
27.483000
26.408000
25.872000
25.314000
27.806000
26.194000
25.702000
25.260000
25.238000
24.844000
24.778000
24.797000
24.844000
25.188000
25.590000
25.734000
24.362000
16.298000
17.381000
17.229000
16.428000
15.943000
15.527000
15.237000
15.603000
21.241000
22.023000
20.614000
20.346000
21.969000
22.099000
20.412000
21.328000
22.801000
22.150000
22.276000
22.986000
24.416000
21.827000
20.535000
23.859000
25.832000
25.093000
25.275000
25.271000
25.774000
25.427000
25.781000
27.483000
26.408000
25.872000
25.314000
27.806000
26.194000
25.702000
25.260000
25.238000
24.844000
24.778000
24.797000
24.844000
25.188000
25.590000
25.734000
24.362000
25.832000
25.093000
25.275000
25.271000
25.774000
25.427000
25.781000
27.483000
26.408000
25.872000
25.314000
27.806000
26.194000
25.702000
25.260000
25.238000
24.844000
24.778000
24.797000
24.844000
25.188000
25.590000
25.734000
24.362000
20.375000
21.726000
21.538000
20.535000
19.926000
19.409000
19.046000
19.506000
26.549000
27.527000
25.771000
25.434000
27.458000
27.625000
25.514000
26.661000
28.501000
27.686000
27.845000
28.733000
30.521000
27.284000
25.669000
29.823000
12.224000
13.036000
12.923000
12.322000
11.957000
11.645000
11.428000
11.703000
15.929000
16.515000
15.462000
15.259000
16.476000
16.577000
15.310000
15.998000
17.102000
16.613000
16.707000
17.240000
18.311000
16.371000
15.400000
17.895000
16.298000
17.381000
17.229000
16.428000
15.943000
15.527000
15.237000
15.603000
21.241000
22.023000
20.614000
20.346000
21.969000
22.099000
20.412000
21.328000
22.801000
22.150000
22.276000
22.986000
24.416000
21.827000
20.535000
23.859000
12.224000
13.036000
12.923000
12.322000
11.957000
11.645000
11.428000
11.703000
15.929000
16.515000
15.462000
15.259000
16.476000
16.577000
15.310000
15.998000
17.102000
16.613000
16.707000
17.240000
18.311000
16.371000
15.400000
17.895000
16.298000
17.381000
17.229000
16.428000
15.943000
15.527000
15.237000
15.603000
21.241000
22.023000
20.614000
20.346000
21.969000
22.099000
20.412000
21.328000
22.801000
22.150000
22.276000
22.986000
24.416000
21.827000
20.535000
23.859000
12.916000
12.547000
12.637000
12.637000
12.887000
12.713000
12.891000
13.742000
13.206000
12.938000
12.655000
13.905000
13.097000
12.851000
12.630000
12.619000
12.424000
12.387000
12.398000
12.424000
12.594000
12.793000
12.865000
12.181000
25.832000
25.093000
25.275000
25.271000
25.774000
25.427000
25.781000
27.483000
26.408000
25.872000
25.314000
27.806000
26.194000
25.702000
25.260000
25.238000
24.844000
24.778000
24.797000
24.844000
25.188000
25.590000
25.734000
24.362000
20.375000
21.726000
21.538000
20.535000
19.926000
19.409000
19.046000
19.506000
26.549000
27.527000
25.771000
25.434000
27.458000
27.625000
25.514000
26.661000
28.501000
27.686000
27.845000
28.733000
30.521000
27.284000
25.669000
29.823000
12.224000
13.036000
12.923000
12.322000
11.957000
11.645000
11.428000
11.703000
15.929000
16.515000
15.462000
15.259000
16.476000
16.577000
15.310000
15.998000
17.102000
16.613000
16.707000
17.240000
18.311000
16.371000
15.400000
17.895000
16.298000
17.381000
17.229000
16.428000
15.943000
15.527000
15.237000
15.603000
21.241000
22.023000
20.614000
20.346000
21.969000
22.099000
20.412000
21.328000
22.801000
22.150000
22.276000
22.986000
24.416000
21.827000
20.535000
23.859000
12.224000
13.036000
12.923000
12.322000
11.957000
11.645000
11.428000
11.703000
15.929000
16.515000
15.462000
15.259000
16.476000
16.577000
15.310000
15.998000
17.102000
16.613000
16.707000
17.240000
18.311000
16.371000
15.400000
17.895000
16.298000
17.381000
17.229000
16.428000
15.943000
15.527000
15.237000
15.603000
21.241000
22.023000
20.614000
20.346000
21.969000
22.099000
20.412000
21.328000
22.801000
22.150000
22.276000
22.986000
24.416000
21.827000
20.535000
23.859000
12.916000
12.547000
12.637000
12.637000
12.887000
12.713000
12.891000
13.742000
13.206000
12.938000
12.655000
13.905000
13.097000
12.851000
12.630000
12.619000
12.424000
12.387000
12.398000
12.424000
12.594000
12.793000
12.865000
12.181000
25.832000
25.093000
25.275000
25.271000
25.774000
25.427000
25.781000
27.483000
26.408000
25.872000
25.314000
27.806000
26.194000
25.702000
25.260000
25.238000
24.844000
24.778000
24.797000
24.844000
25.188000
25.590000
25.734000
24.362000
20.375000
21.726000
21.538000
20.535000
19.926000
19.409000
19.046000
19.506000
26.549000
27.527000
25.771000
25.434000
27.458000
27.625000
25.514000
26.661000
28.501000
27.686000
27.845000
28.733000
30.521000
27.284000
25.669000
29.823000
25.832000
25.093000
25.275000
25.271000
25.774000
25.427000
25.781000
27.483000
26.408000
25.872000
25.314000
27.806000
26.194000
25.702000
25.260000
25.238000
24.844000
24.778000
24.797000
24.844000
25.188000
25.590000
25.734000
24.362000
16.298000
17.381000
17.229000
16.428000
15.943000
15.527000
15.237000
15.603000
21.241000
22.023000
20.614000
20.346000
21.969000
22.099000
20.412000
21.328000
22.801000
22.150000
22.276000
22.986000
24.416000
21.827000
20.535000
23.859000
12.224000
13.036000
12.923000
12.322000
11.957000
11.645000
11.428000
11.703000
15.929000
16.515000
15.462000
15.259000
16.476000
16.577000
15.310000
15.998000
17.102000
16.613000
16.707000
17.240000
18.311000
16.371000
15.400000
17.895000
16.298000
17.381000
17.229000
16.428000
15.943000
15.527000
15.237000
15.603000
21.241000
22.023000
20.614000
20.346000
21.969000
22.099000
20.412000
21.328000
22.801000
22.150000
22.276000
22.986000
24.416000
21.827000
20.535000
23.859000
12.916000
12.547000
12.637000
12.637000
12.887000
12.713000
12.891000
13.742000
13.206000
12.938000
12.655000
13.905000
13.097000
12.851000
12.630000
12.619000
12.424000
12.387000
12.398000
12.424000
12.594000
12.793000
12.865000
12.181000
25.832000
25.093000