22.366000
19.407000
14.796000
11.248000
9.699400
9.913800
10.094000
11.462000
11.799000
13.551000
17.767000
19.984000
22.967000
24.190000
25.190000
23.992000
22.533000
22.467000
24.736000
26.309000
29.243000
31.577000
30.349000
24.196000
14.408000
9.751500
6.434000
5.967000
6.024400
6.703400
7.064300
12.599000
14.970000
15.011000
15.772000
16.937000
20.134000
23.413000
24.344000
22.338000
21.441000
22.997000
25.705000
27.328000
28.524000
32.444000
31.649000
23.227000
15.816000
10.643000
7.229200
6.632600
6.668600
7.282600
7.177800
13.284000
15.659000
15.315000
15.900000
16.717000
19.637000
22.759000
23.531000
21.580000
20.724000
22.039000
25.085000
27.444000
28.982000
32.521000
31.340000
25.844000
22.088000
15.755000
11.776000
10.504000
9.097000
9.338000
9.176300
9.977300
12.314000
15.471000
19.190000
20.865000
22.348000
25.201000
28.223000
27.075000
25.426000
26.150000
30.030000
31.933000
32.746000
33.629000
31.980000
27.349000
24.247000
19.681000
15.024000
11.740000
10.521000
10.875000
11.234000
13.018000
13.880000
17.470000
23.713000
26.134000
28.523000
29.228000
29.677000
28.216000
26.576000
25.242000
26.658000
27.190000
29.787000
32.346000
31.324000
26.162000
23.571000
19.167000
14.385000
11.288000
10.081000
10.498000
10.838000
12.482000
13.042000
16.069000
20.915000
22.761000
25.207000
25.387000
25.504000
24.247000
22.948000
22.817000
24.413000
26.867000
29.998000
32.801000
31.582000
25.439000
15.786000
10.769000
7.356700
6.912000
7.012100
7.754800
8.017800
14.676000
17.551000
16.862000
17.143000
17.962000
21.124000
24.274000
24.960000
23.084000
22.039000
23.535000
26.919000
29.538000
31.320000
35.024000
32.959000
24.106000
17.446000
11.908000
8.129900
7.705800
7.736400
8.452500
8.732500
15.933000
18.930000
17.456000
17.486000
18.179000
21.389000
24.395000
24.974000
23.256000
22.446000
23.556000
27.159000
29.985000
31.690000
35.492000
33.555000
24.340000
17.716000
12.238000
8.362800
7.962400
8.021900
8.740900
8.866700
16.120000
19.069000
17.558000
17.573000
18.254000
21.533000
24.620000
25.163000
23.362000
22.500000
23.999000
27.446000
30.480000
32.237000
35.948000
33.857000
24.727000
16.582000
11.231000
7.520000
7.120000
7.189700
7.919400
8.115900
15.799000
18.867000
17.359000
17.464000
18.323000
21.816000
25.153000
25.965000
24.176000
23.212000
24.456000
27.668000
30.275000
31.670000
35.634000
33.867000
27.637000
23.758000
16.941000
12.650000
11.257000
9.856000
10.162000
9.899200
10.839000
13.500000
16.781000
20.391000
22.313000
23.446000
26.847000
29.166000
27.838000
25.932000
26.684000
30.384000
33.293000
33.502000
34.034000
32.758000
27.988000
24.504000
19.876000
15.183000
11.891000
10.755000
11.154000
11.535000
13.443000
14.529000
17.764000
23.695000
25.891000
28.032000
28.846000
29.564000
28.095000
26.336000
25.611000
27.811000
30.281000
33.537000
36.181000
33.712000
26.757000
20.945000
14.356000
7.675000
7.490400
7.579100
7.989100
8.597800
16.482000
19.253000
17.734000
17.902000
18.781000
22.436000
26.066000
26.756000
24.840000
23.859000
25.123000
28.236000
31.098000
32.801000
36.837000
34.973000
25.499000
17.984000
12.598000
8.636700
8.221500
8.327100
9.016500
9.121400
16.757000
19.718000
18.242000
18.292000
19.124000
22.758000
26.269000
26.826000
24.747000
23.745000
25.165000
28.300000
31.175000
32.865000
36.744000
34.669000
24.970000
17.951000
12.402000
8.539900
8.100800
8.193400
8.833200
9.020900
16.510000
19.490000
17.845000
17.935000
18.741000
22.273000
25.653000
26.467000
24.690000
23.567000
25.061000
27.973000
31.042000
32.782000
36.820000
34.599000
24.891000
17.971000
12.278000
8.473400
7.987800
8.052900
8.819000
9.034100
16.363000
19.304000
17.728000
17.818000
18.832000
22.556000
25.876000
26.516000
24.850000
23.917000
25.031000
27.897000
31.055000
32.714000
36.667000
34.714000
25.239000
16.864000
11.556000
7.796300
7.369600
7.428300
8.111700
8.331300
16.361000
19.146000
17.677000
17.761000
18.591000
22.227000
25.711000
26.541000
24.627000
23.625000
24.921000
28.038000
30.997000
32.589000
36.351000
34.630000
28.184000
24.168000
17.290000
12.934000
11.407000
10.081000
10.396000
10.092000
11.000000
13.717000
17.274000
20.977000
22.922000
24.239000
28.110000
30.038000
28.373000
26.542000
27.316000
30.669000
33.433000
34.118000
34.890000
33.056000
28.122000
24.482000
19.982000
15.219000
12.009000
10.764000
11.299000
11.579000
13.405000
14.237000
17.847000
23.966000
26.585000
29.214000
30.124000
30.621000
29.560000
27.946000
26.414000
27.754000
30.780000
34.302000
36.935000
34.562000
27.582000
21.311000
14.597000
7.795000
7.609600
7.699500
8.170800
8.704700
16.728000
19.665000
18.326000
18.480000
19.324000
22.900000
26.280000
27.237000
25.125000
24.005000
25.212000
28.468000
31.906000
33.758000
37.771000
35.998000
26.369000
18.633000
12.722000
8.733700
8.281200
8.394200
9.180000
9.318100
17.151000
20.236000
18.736000
18.962000
19.743000
23.183000
26.540000
27.408000
25.590000
24.673000
25.961000
29.087000
32.570000
34.194000
38.132000
35.920000
26.017000
18.602000
12.807000
8.808300
8.393300
8.478500
9.120200
9.229500
16.912000
19.849000
18.360000
18.474000
19.421000
23.073000
26.720000
27.487000
25.623000
24.540000
25.857000
28.681000
32.218000
34.005000
37.793000
35.796000
25.923000
18.618000
12.804000
8.831300
8.378600
8.456600
9.093000
9.231100
16.977000
19.918000
18.422000
18.322000
19.070000
22.373000
25.697000
26.434000
24.491000
23.442000
24.594000
27.768000
31.608000
33.398000
37.418000
35.478000
25.782000
17.259000
11.701000
7.838400
7.435100
7.551400
8.239300
8.440800
16.644000
19.660000
18.257000
18.427000
19.148000
22.659000
25.847000
26.600000
24.666000
23.662000
24.766000
27.762000
31.515000
33.162000
37.287000
35.147000
28.432000
24.386000
17.461000
13.019000
11.505000
10.148000
10.365000
10.058000
11.017000
13.837000
17.507000
20.991000
22.727000
23.653000
27.106000
29.140000
27.495000
25.765000
26.139000
29.354000
33.228000
33.901000
34.478000
32.637000
27.693000
24.354000
19.807000
15.318000
12.013000
10.823000
11.220000
11.564000
13.503000
14.271000
17.818000
23.507000
25.443000
27.104000
27.754000
28.570000
27.173000
25.648000
24.551000
26.069000
29.803000
33.399000
35.700000
33.565000
26.953000
20.679000
14.185000
7.590700
7.391100
7.517000
7.936400
8.583000
16.388000
18.899000
17.465000
17.501000
18.315000
21.668000
25.304000
26.134000
24.147000
23.140000
24.448000
27.081000
30.867000
32.562000
36.505000
34.536000
25.292000
18.056000
12.485000
8.608800
8.189700
8.327800
9.064800
9.195100
16.762000
19.722000
18.331000
18.336000
19.172000
22.834000
26.422000
27.267000
25.449000
24.413000
25.778000
28.508000
32.319000
34.105000
37.765000
35.591000
25.644000
18.579000
12.789000
8.804300
8.377600
8.574100
9.300900
9.366200
16.970000
19.815000
18.334000
18.334000
19.164000
22.616000
25.804000
26.275000
24.218000
23.668000
25.286000
27.825000
31.688000
33.444000
37.419000
35.465000
25.610000
18.317000
12.600000
8.681200
8.248700
8.349100
9.051400
9.198400
16.797000
19.665000
18.317000
18.326000
19.108000
22.675000
26.018000
26.675000
24.688000
23.841000
25.116000
27.691000
31.780000
33.817000
37.997000
35.880000
26.228000
17.590000
12.039000
8.073600
7.612300
7.764600
8.432400
8.538400
16.510000
19.383000
18.077000
18.130000
18.967000
22.494000
26.038000
26.875000
24.975000
23.914000
24.895000
27.404000
31.298000
32.840000
37.045000
35.322000
28.782000
22.985000
16.136000
11.985000
10.788000
9.465600
9.801100
9.446000
10.188000
12.761000
16.035000
19.606000
21.587000
22.844000
26.668000
29.227000
27.718000
26.259000
26.820000
30.750000
32.774000
32.911000
33.616000
32.105000
27.418000
23.537000
19.213000
14.562000
11.392000
10.147000
10.399000
10.775000
12.441000
13.242000
16.214000
21.640000
24.081000
26.250000
26.896000
27.352000
26.347000
25.051000
24.560000
27.482000
29.586000
32.628000
35.062000
33.475000
26.769000
21.260000
14.433000
7.739100
7.582300
7.648900
8.049500
8.614600
16.442000
19.650000
18.272000
18.529000
19.542000
23.313000
27.082000
28.075000
26.066000
24.974000
26.444000
29.933000
32.442000
33.605000
37.762000
35.992000
26.194000
17.388000
11.852000
8.142700
7.658000
7.782100
8.459200
8.592400
15.852000
18.978000
17.789000
18.070000
19.011000
22.734000
26.239000
27.158000
25.302000
24.560000
26.255000
30.101000
32.164000
33.318000
37.223000
35.011000
25.262000
17.867000
12.181000
8.303400
7.849000
8.032600
8.573500
8.672300
15.926000
18.913000
17.781000
17.876000
18.849000
22.195000
25.675000
26.514000
24.470000
23.701000
25.031000
28.368000
30.842000
31.924000
35.873000
34.373000
25.159000
17.301000
11.883000
8.096100
7.732700
7.812700
8.413900
8.531100
15.580000
18.463000
17.008000
17.101000
17.968000
21.361000
24.556000
25.141000
23.326000
22.615000
24.048000
27.718000
30.481000
31.766000
35.623000
33.760000
24.875000
16.741000
11.345000
7.484500
7.018300
7.036300
7.711100
7.844900
15.426000
18.317000
16.993000
17.137000
18.060000
21.519000
24.903000
25.929000
24.195000
23.465000
24.915000
28.649000
30.947000
31.947000
35.507000
33.604000
27.730000
22.915000
16.152000
12.060000
10.689000
9.304900
9.549300
9.265400
10.156000
12.599000
15.958000
19.404000
21.463000
22.691000
26.340000
28.729000
27.728000
25.764000
26.753000
30.590000
32.677000
32.626000
33.192000
31.648000
26.997000
22.931000
18.663000
14.114000
10.819000
9.589700
9.961600
10.363000
12.055000
12.748000
15.788000
21.195000
24.224000
27.343000
28.782000
29.541000
27.996000
26.514000
25.965000
28.447000
29.730000
32.413000
34.104000
32.270000
25.964000
20.492000
13.757000
7.231700
6.998600
7.118900
7.523700
8.112600
16.008000
18.742000
17.346000
17.613000
18.661000
22.238000
25.844000
26.791000
25.072000
23.908000
25.510000
28.565000
31.698000
33.159000
37.223000
35.348000
25.757000
17.457000
11.926000
8.134300
7.671200
7.760200
8.450000
8.541100
15.843000
18.947000
17.924000
18.390000
19.499000
23.255000
27.111000
27.933000
25.999000
25.162000
26.626000
29.651000
31.861000
33.056000
36.541000
34.507000
25.120000
17.658000
12.094000
8.279700
7.864500
7.883700
8.603100
8.767400
16.110000
18.984000
17.838000
17.961000
18.851000
22.372000
25.850000
26.798000
24.789000
23.936000
25.516000
28.783000
31.306000
32.641000
36.564000
34.641000
25.077000
17.448000
11.905000
7.994500
7.594000
7.646400
8.295200
8.476200
15.599000
18.226000
17.045000
17.262000
18.070000
21.456000
24.974000
25.558000
23.681000
22.755000
24.059000
26.975000
30.212000
31.609000
35.523000
33.734000
24.441000
16.705000
11.218000
7.432100
6.953000
6.996700
7.640100
7.846000
15.199000
17.795000
16.526000
16.721000
17.500000
20.820000
24.013000
24.814000
22.930000
22.257000
23.926000
27.242000
29.863000
30.888000
34.365000
32.433000
26.819000
22.638000
16.138000
11.872000
10.536000
9.276700
9.599600
9.273100
10.127000
12.410000
15.392000
18.755000
20.711000
21.875000
25.464000
27.715000
26.446000
24.914000
25.742000
29.040000
31.127000
31.296000
31.900000
30.343000
26.134000
22.719000
18.689000
14.643000
11.578000
10.197000
10.402000
10.603000
12.226000
12.808000
15.860000
21.024000
23.300000
25.660000
26.484000
27.258000
26.081000
24.741000
24.323000
26.380000
28.424000
31.691000
33.698000
31.929000
25.524000
20.419000
14.221000
7.661100
7.462100
7.539900
7.952400
8.446600
16.308000
19.082000
17.573000
17.607000
18.351000
21.725000
25.117000
25.975000
24.186000
23.332000
24.758000
27.623000
30.273000
31.809000
35.584000
34.052000
25.035000
16.985000
11.650000
8.048900
7.651200
7.748400
8.430200
8.483300
15.333000
18.084000
16.827000
17.101000
18.057000
21.616000
24.969000
25.707000
23.843000
22.948000
24.408000
27.264000
30.233000
31.891000
35.430000
33.392000
24.406000
17.393000
11.895000
8.120200
7.674100
7.738100
8.412600
8.620600
15.774000
18.423000
17.199000
17.140000
17.756000
20.942000
24.116000
24.766000
22.913000
21.994000
23.211000
25.486000
28.946000
30.901000
34.873000
33.148000
24.209000
16.901000
11.596000
7.909200
7.501700
7.608700
8.234600
8.391700
15.286000
17.869000
16.649000
16.784000
17.487000
20.811000
24.150000
24.907000
23.158000
22.409000
23.736000
26.786000
29.714000
31.036000
34.787000
32.779000
23.903000
16.470000
11.060000
7.393800
6.928500
6.984600
7.633300
7.769500
15.154000
17.792000
16.567000
16.821000
17.649000
21.060000
24.340000
25.155000
23.584000
22.593000
23.908000
26.812000
29.850000
30.988000
34.806000
32.987000
27.059000
22.576000
16.070000
11.989000
10.634000
9.319400
9.620800
9.402300
10.175000
12.620000
15.929000
19.063000
20.666000
21.490000
24.638000
26.967000
25.762000
24.062000
24.867000
28.156000
30.811000
31.789000
32.588000
31.334000
26.994000
23.142000
18.723000
14.385000
11.195000
10.022000
10.248000
10.541000
11.992000
12.730000
15.793000
20.880000
22.934000
25.119000
25.755000
26.105000
24.697000
23.418000
22.904000
24.601000
27.748000
31.402000
34.140000
32.266000
25.790000
20.358000
13.934000
7.492600
7.347300
7.368800
7.761200
8.229100
15.884000
18.492000
17.146000
17.225000
18.105000
21.510000
24.850000
25.631000
23.867000
23.154000
24.479000
27.001000
30.061000
31.890000
35.987000
34.348000
25.288000
16.915000
11.510000
7.874600
7.464000
7.540500
8.195000
8.399600
15.388000
18.132000
17.013000
17.052000
17.899000
21.357000
24.661000
25.384000
23.807000
22.986000
24.337000
26.894000
29.911000
31.727000
35.718000
33.578000
24.431000
17.162000
11.698000
7.981900
7.601300
7.700800
8.336000
8.529000
15.404000
17.971000
16.916000
16.950000
17.703000
20.970000
24.214000
24.944000
23.128000
22.215000
23.592000
26.104000
29.391000
31.439000
35.115000
33.586000
24.591000
16.998000
11.655000
8.020300
7.600400
7.678800
8.343100
8.473200
15.128000
17.916000
16.962000
16.947000
17.807000
21.292000
24.694000
25.609000
23.640000
22.699000
23.834000
26.094000
28.900000
30.852000
34.820000
33.361000
24.492000
17.032000
11.519000
7.630400
7.164100
7.182900
7.756600
7.882400
14.734000
17.291000
16.477000
16.770000
17.751000
20.997000
24.216000
24.779000
22.836000
21.992000
23.195000
26.092000
29.189000
30.798000
34.666000
33.010000
27.098000
22.108000
16.712000
11.915000
10.577000
9.310700
9.083300
9.338200
10.128000
11.732000
15.025000
18.693000
20.740000
22.202000
25.199000
27.494000
26.151000
24.712000
25.744000
29.623000
29.629000
29.003000
31.035000
29.500000
25.656000
22.058000
17.867000
13.477000
10.444000
9.218400
9.482700
9.689700
11.070000
11.653000
14.225000
19.124000
21.191000
23.782000
24.523000
25.212000
24.211000
23.150000
22.916000
25.948000
28.900000
30.552000
31.837000
30.063000
24.390000
19.311000
13.262000
7.427900
6.817400
6.738900
7.094200
7.877800
14.287000
17.609000
16.952000
17.050000
17.894000
20.838000
23.776000
24.658000
22.857000
21.636000
22.920000
26.059000
29.158000
30.103000
33.235000
32.509000
24.379000
16.297000
11.120000
7.751700
7.201700
7.191900
7.783200
8.158400
14.616000
17.653000
16.737000
16.981000
17.716000
20.673000
23.469000
24.513000
22.847000
21.839000
23.189000
26.543000
29.520000
30.173000
33.511000
32.024000
23.531000
16.499000
11.211000
7.861600
7.315400
7.233000
7.860700
8.171200
14.761000
17.756000
16.634000
16.649000
17.321000
20.349000
23.028000
23.713000
21.937000
20.866000
21.870000
24.839000
27.670000
28.567000
32.079000
31.221000
23.261000
16.380000
11.192000
7.840500
7.390000
7.325900
7.840700
8.150300
14.610000
17.475000
16.210000
16.143000
16.757000
19.419000
22.082000
22.798000
21.227000
20.231000
21.375000
24.246000
27.150000
28.197000
31.573000
30.413000
22.609000
15.082000
10.212000
6.873400
6.470800
6.540600
7.113700
7.235200
14.063000
16.672000
15.585000
15.820000
16.469000
19.261000
21.810000
22.549000
20.885000
19.818000
20.871000
24.105000
27.179000
28.021000
31.306000
29.885000
24.887000
20.965000
15.800000
11.361000
10.261000
9.089900
8.800600
9.065400
9.743900
11.533000
14.236000
16.966000
18.490000
19.516000
21.814000
23.667000
22.830000
21.462000
22.275000
25.246000
26.152000
27.102000
29.554000
28.145000
24.393000
21.094000
17.265000
12.928000
10.113000
8.964500
9.163900
9.377200
10.610000
11.399000
14.016000
18.586000
20.337000
22.189000
22.813000
23.406000
22.421000
21.416000
21.122000
23.713000
26.408000
29.068000
30.335000
28.325000
22.858000
18.313000
12.827000
7.418800
6.926000
6.941700
7.273500
8.028500
14.419000
17.550000
16.358000
16.187000
16.805000
19.425000
22.153000
22.948000
21.218000
19.982000
21.006000
23.589000
26.710000
28.651000
31.714000
30.666000
23.227000
15.527000
10.541000
7.455300
6.999100
6.936400
7.482600
7.834600
13.990000
16.975000
15.785000
15.816000
16.457000
19.464000
21.903000
22.483000
21.032000
20.113000
21.274000
24.034000
26.936000
28.447000
31.593000
29.820000
21.978000
15.379000
10.507000
7.439500
7.026200
6.955700
7.508700
7.809100
13.979000
16.900000
15.737000
15.793000
16.465000
19.204000
22.054000
22.900000
21.256000
20.295000
21.440000
24.179000
26.984000
28.153000
31.270000
29.817000
22.078000
15.281000
10.450000
7.349300
6.929800
6.894100
7.435200
7.746900
13.778000
16.573000
15.493000
15.565000
16.358000
19.163000
21.949000
22.723000
21.116000
20.201000
21.282000
24.216000
27.022000
28.362000
31.430000
30.054000
22.537000
14.670000
9.913800
6.628400
6.225900
6.300700
6.847100
7.019600
13.541000
16.296000
15.346000
15.636000
16.272000
19.248000
21.845000
22.520000
20.586000
19.754000
21.054000
24.197000
27.254000
28.633000
31.983000
30.602000
24.975000
21.200000
16.014000
11.484000
10.184000
9.072400
8.846300
9.052100
9.670500
11.554000
14.299000
16.892000
18.495000
19.759000
22.070000
23.843000
22.937000
21.544000
22.264000
25.107000
25.959000
27.046000
29.331000
27.918000
24.108000
20.533000
17.020000
12.818000
10.024000
8.874500
9.059100
9.333300
10.442000
11.513000
14.115000
18.451000
20.324000
22.189000
22.612000
23.012000
21.976000
20.884000
20.626000
22.605000
25.040000
28.493000
29.857000
27.885000
22.609000
18.300000
12.770000
7.480300
6.926800
6.930700
7.187500
7.916400
13.767000
16.730000
15.594000
15.419000
15.914000
18.545000
21.363000
22.225000
20.779000
19.480000
20.103000
22.013000
24.793000
27.020000
29.860000
29.007000
22.022000
14.746000
10.135000
7.106300
6.698500
6.673900
7.204800
7.437800
13.013000
15.801000
14.820000
14.795000
15.607000
18.304000
21.034000
21.832000
20.193000
19.171000
20.318000
22.957000
25.627000
27.354000
30.396000
28.857000
21.212000
15.045000
10.356000
7.285600
6.806100
6.726400
7.256500
7.290900
12.601000
15.094000
14.256000
14.334000
15.100000
17.715000
20.250000
20.849000
19.139000
18.190000
19.088000
21.550000
23.915000
25.758000
28.805000
27.847000
20.614000
14.365000
9.937200
6.994500
6.575000
6.543000
7.051200
7.305500
12.777000
15.496000
14.503000
14.620000
15.270000
17.904000
20.615000
21.332000
19.796000
18.824000
20.039000
22.586000
24.938000
26.551000
29.562000
28.109000
21.006000
14.118000
9.647600
6.462300
6.090100
6.074500
6.598700
6.665000
12.628000
15.136000
14.217000
14.432000
15.141000
18.137000
20.762000
21.332000
19.683000
18.908000
20.205000
23.209000
25.797000
27.043000
29.702000
27.973000
22.963000
19.667000
15.025000
10.804000
9.616900
8.552800
8.346300
8.511500
8.948700
10.782000
13.627000
16.521000
18.252000
19.680000
22.105000
23.878000
22.772000
21.407000
22.239000
25.215000
24.965000
26.231000
28.427000
26.689000
23.063000
20.125000
16.592000
12.636000
9.872700
8.795700
8.997800
9.184000
10.144000
10.977000
13.772000
18.364000
20.511000
22.669000
23.393000
23.983000
22.664000
21.495000
21.176000
23.264000
25.302000
28.751000
29.068000
27.415000
23.028000
18.448000
12.827000
7.438400
6.851800
6.843900
7.128600
7.851300
13.747000
17.068000
16.136000
16.029000
16.823000
19.572000
22.478000
23.596000
22.083000
20.893000
21.969000
24.510000
26.758000
28.794000
31.492000
30.440000
22.980000
15.591000
10.788000
7.580500
7.057200
6.990500
7.550900
7.804100
13.666000
16.769000
15.703000
15.847000
16.663000
19.736000
22.563000
23.341000
21.854000
21.053000
22.363000
25.274000
27.284000
28.823000
32.021000
30.300000
22.133000
15.774000
10.859000
7.720900
7.271000
7.195200
7.730500
7.929900
13.936000
17.234000
16.196000
16.419000
17.348000
20.365000
23.270000
23.757000
21.951000
21.041000
22.231000
25.041000
26.917000
28.658000
31.947000
30.479000
22.403000
15.758000
10.676000
7.514400
7.035100
6.979200
7.626700
7.806300
13.580000
16.601000
15.626000
15.634000
16.324000
19.053000
21.850000
22.536000
20.984000
20.136000
21.076000
23.489000
25.323000
27.419000
30.648000
29.471000
21.761000
14.476000
9.862800
6.659700
6.267600
6.302400
6.836600
6.904900
13.137000
15.917000
15.088000
15.476000
16.252000
19.289000
22.168000
23.000000
21.339000
20.509000
21.805000
25.152000
27.394000
28.729000
31.989000
30.403000
24.971000
21.184000
16.120000
11.580000
10.428000
9.162000
8.905500
9.014200
9.442100
11.454000
14.462000
17.605000
19.567000
21.318000
23.902000
25.961000
24.876000
23.346000
24.028000
27.041000
26.575000
27.687000
30.326000
28.546000
24.563000
21.139000
17.153000
10.641000
9.180100
9.171300
9.289100
10.702000
10.977000
13.153000
18.201000
21.295000
24.323000
25.214000
25.784000
24.632000
23.215000
22.465000
24.213000
24.084000
26.574000
31.085000
29.215000
24.089000
19.528000
13.565000
7.750100
7.142700
7.056600
7.307300
7.921300
14.520000
17.463000
16.353000
16.243000
17.098000
19.829000
22.581000
23.435000
21.817000
20.526000
21.197000
23.125000
23.751000
25.744000
31.581000
30.603000
23.464000
17.141000
11.186000
9.242600
8.033200
6.929500
7.038500
8.808600
13.075000
16.904000
16.564000
15.889000
16.626000
17.384000
19.428000
21.072000
20.262000
18.367000
17.954000
17.701000
18.552000
21.929000
25.380000
26.064000
22.706000
17.005000
10.988000
9.178100
8.065400
6.933500
7.035300
8.790200
12.971000
17.007000
16.700000
16.165000
16.910000
17.948000
20.100000
21.640000
20.838000
18.758000
18.257000
18.160000
18.999000
21.766000
24.985000
25.979000
22.743000
17.012000
11.098000
9.280700
8.121300
6.947400
7.049700
8.772000
12.938000
16.745000
16.615000
16.031000
16.807000
17.615000
19.704000
21.502000
20.806000
18.821000
18.370000
18.154000
18.951000
21.679000
25.368000
26.514000
23.214000
16.838000
10.558000
8.689000
7.553700
6.479400
6.565000
8.690300
12.801000
16.655000
16.531000
15.973000
16.523000
17.160000
19.180000
20.865000
20.017000
18.095000
17.677000
17.287000
18.194000
21.040000
24.703000
25.939000
24.923000
20.217000
18.079000
14.569000
10.792000
9.645800
9.300600
9.528800
10.956000
11.375000
13.768000
16.183000
17.739000
19.800000
21.904000
23.547000
22.084000
20.360000
19.051000
18.042000
17.826000
21.352000
24.565000
25.935000
23.725000
21.314000
16.918000
13.197000
12.077000
11.673000
11.528000
10.007000
9.886700
10.877000
13.389000
17.257000
18.782000
19.541000
20.144000
21.684000
19.870000
18.062000
17.306000
16.806000
17.598000
21.969000
25.935000
26.969000
23.768000
18.223000
13.465000
9.243500
7.256200
6.943500
7.067300
9.058100
13.379000
17.304000
16.642000
15.764000
16.364000
17.327000
19.513000
21.201000
20.400000
18.485000
18.071000
17.661000
18.194000
20.718000
24.390000
25.230000
22.144000
16.179000
10.620000
8.785500
7.790800
6.694300
6.765300
8.430100
12.164000
15.702000
15.457000
14.941000
15.637000
16.651000
18.683000
20.259000
19.354000
17.446000
17.087000
16.781000
17.297000
19.762000
23.588000
24.254000
21.313000
16.459000
10.830000
9.097600
8.015900
6.848000
6.949800
8.502500
12.315000
15.794000
15.570000
15.011000
15.592000
16.557000
18.659000
20.224000
19.389000
17.547000
16.989000
16.765000
17.366000
19.890000
23.146000
24.275000
21.332000
16.156000
10.550000
8.896500
7.814600
6.739400
6.841900
8.315200
11.920000
15.286000
15.059000
14.447000
15.096000
16.025000
18.165000
19.800000
19.043000
17.317000
17.038000
16.807000
17.345000
19.707000
23.343000
24.342000
21.252000
15.688000
10.225000
8.487300
7.423500
6.339800
6.432700
8.324000
11.794000
14.982000
15.184000
14.679000
15.421000
16.324000
18.552000
20.309000
19.332000
17.355000
16.877000
16.673000
17.403000
19.506000
23.062000
24.232000
23.096000
18.813000
17.164000
13.925000
10.505000
9.378400
9.062000
9.105700
10.437000
10.869000
13.097000
15.387000
16.854000
18.965000
21.188000
22.782000
21.439000
19.630000
18.373000
17.598000
17.382000
20.651000
23.808000
25.196000
22.590000
20.258000
16.195000
12.723000
11.792000
11.518000
11.306000
9.846200
9.437600
10.584000
13.013000
16.697000
17.951000
18.467000
19.149000
21.011000
19.398000
17.530000
16.775000
16.407000
16.975000
21.018000
24.349000
25.773000
22.702000
17.687000
13.259000
9.056200
7.168700
6.829700
6.925600
8.624400
12.149000
15.711000
15.620000
15.016000
15.803000
16.857000
19.124000
20.931000
19.940000
17.914000
17.537000
17.151000
17.378000
19.501000
23.225000
24.494000
21.524000
15.960000
10.419000
8.784500
7.624100
6.597700
6.664700
8.085600
11.175000
14.358000
14.623000
14.303000
15.113000
15.947000
17.876000
19.551000
18.668000
16.795000
16.536000
16.310000
16.721000
18.626000
22.355000
23.637000
20.909000
16.031000
10.563000
8.857800
7.777200
6.629000
6.671200
8.049500
10.976000
13.892000
14.320000
13.938000
14.636000
15.552000
17.592000
19.276000
18.474000
16.666000
16.232000
15.952000
16.345000
18.257000
21.656000
22.719000
20.288000
15.817000
10.367000
8.638600
7.457000
6.269900
6.168500
6.987300
8.866500
10.808000
11.331000
11.318000
12.074000
12.817000
14.656000
16.229000
15.252000
13.378000
12.978000
12.882000
13.493000
15.385000
18.930000
20.899000
18.632000
19.286000
15.503000
12.197000
11.292000
10.970000
10.774000
9.414400
9.115000
10.039000
12.154000
15.276000
16.611000
17.310000
17.834000
19.367000
17.943000
16.363000
15.798000
15.540000
16.107000
19.342000
22.085000
23.427000
20.947000
15.517000
14.102000
11.509000
8.674000
7.775800
7.646900
7.827500
8.731100
9.028800
10.829000
12.859000
14.251000
16.277000
18.500000
20.211000
19.123000
17.757000
16.627000
15.883000
15.939000
19.196000
22.130000
23.346000
20.908000
18.662000
14.907000
11.760000
10.927000
10.593000
10.395000
8.944900
8.613800
9.577000
11.802000
15.289000
16.917000
17.779000
18.329000
19.977000
18.113000
16.308000
15.595000
15.366000
16.063000
19.703000
23.217000
24.114000
21.112000
16.462000
12.140000
8.322400
6.498300
6.147700
6.066400
7.214000
9.601800
12.334000
12.541000
12.439000
13.241000
14.082000
16.117000
17.694000
16.682000
14.898000
14.499000
14.480000
15.406000
17.584000
21.310000
22.731000
19.750000
14.169000
9.308800
7.750700
6.767400
5.846700
6.006100
7.648900
10.894000
14.412000
14.613000
14.193000
14.866000
15.764000
17.778000
19.276000
18.440000
16.685000
16.319000
16.071000
16.679000
18.903000
22.574000
23.840000
20.680000
15.587000
10.189000
8.535200
7.573600
6.512000
6.610400
8.000200
10.956000
14.226000
14.277000
13.862000
14.572000
15.485000
17.440000
19.027000
18.104000
16.283000
15.825000
15.525000
16.062000
18.218000
21.826000
23.413000
20.674000
15.694000
10.301000
8.589100
7.518100
6.503700
6.533700
8.082500
11.293000
14.725000
14.868000
14.434000
15.085000
16.060000
18.167000
19.652000
18.880000
17.128000
16.757000
16.700000
17.502000
19.787000
23.373000
24.765000
21.366000
15.560000
10.126000
8.422700
7.373000
6.287700
6.343100
8.253400
11.305000
14.738000
14.875000
14.519000
15.157000
16.110000
18.185000
19.934000
18.964000
17.169000
16.720000
16.583000
17.200000
19.279000
23.163000
24.737000
23.636000
18.995000
17.162000
14.006000
10.527000
9.317000
9.106800
9.179500
10.237000
10.970000
13.051000
15.248000
16.893000
19.261000
21.505000
23.117000
21.617000
19.951000
18.631000
17.728000
17.655000
20.736000
23.844000
25.529000
22.821000
20.233000
16.274000
12.843000
11.927000
11.595000
11.418000
9.809200
9.308900
10.466000
12.671000
16.318000
17.669000
18.603000
19.352000
21.213000
19.411000
17.380000
16.700000
16.494000
17.370000
21.198000
24.543000
26.203000
22.722000
17.754000
13.370000
9.199700
7.244800
6.840000
6.880400
8.593000
12.160000
16.157000
15.634000
14.987000
15.620000
16.624000
18.813000
20.632000
19.956000
18.012000
17.680000
17.345000
17.800000
19.691000
23.419000
25.214000
22.075000
16.016000
10.429000
8.720100
7.690600
6.615400
6.693000
8.170200
11.459000
15.058000
14.815000
14.354000
15.027000
16.017000
18.003000
19.803000
19.069000
17.350000
17.054000
16.899000
17.397000
19.339000
22.401000
23.902000
20.936000
16.337000
10.649000
8.858700
7.826700
6.720700
6.836100
8.376100
11.802000
15.357000
15.147000
14.615000
15.296000
16.322000
18.396000
20.108000
19.314000
17.477000
17.018000
16.765000
17.021000
18.731000
21.760000
23.416000
20.684000
21.198000
16.842000
13.138000
12.187000
11.902000
11.439000
9.888100
9.601700
10.530000
12.645000
16.053000
17.435000
18.264000
18.777000
20.369000
18.763000
17.034000
16.344000
16.012000
16.652000
20.718000
24.382000
24.960000
21.892000
12.892000
9.106600
7.822800
7.136800
6.499500
6.542800
6.757300
9.153600
11.555000
11.958000
11.839000
12.724000
13.464000
15.522000
16.976000
16.074000
15.419000
15.004000
14.804000
15.182000
16.951000
21.161000
22.469000
20.696000
16.818000
15.029000
12.224000
9.069700
8.473400
8.756200
9.177600
9.420600
9.680600
11.589000
13.655000
14.949000
16.099000
18.556000
20.640000
19.773000
18.339000
17.509000
16.026000
16.341000
19.788000
22.990000
23.849000
21.717000
19.405000
15.466000
12.060000
11.093000
10.882000
10.756000
9.461900
9.134500
10.048000
12.224000
15.679000
17.149000
17.817000
18.504000
20.172000
18.760000
17.112000
16.453000
16.079000
16.835000
21.045000
24.542000
25.177000
22.094000
17.126000
12.858000
9.499000
7.502800
7.139800
7.156200
8.240000
11.682000
15.381000
14.877000
14.323000
15.064000
15.885000
17.963000
19.823000
19.028000
18.008000
17.609000
17.340000
17.575000
19.388000
23.031000
23.812000
20.717000
14.401000
10.678000
8.879800
7.738900
7.359500
7.415100
8.222900
11.594000
14.625000
14.464000
14.076000
14.641000
15.939000
17.573000
19.252000
18.497000
17.430000
16.976000
16.769000
17.085000
19.005000
22.724000
23.355000
20.047000
14.574000
10.860000
9.074800
7.937900
7.547500
7.606400
8.414500
11.736000
14.843000
14.717000
14.200000
14.774000
16.000000
17.699000
19.426000
18.721000
17.569000
17.106000
16.806000
17.176000
19.122000
22.663000
23.514000
20.342000
14.720000
10.950000
9.093100
7.947400
7.552200
7.543300
8.309300
11.620000
14.751000
14.583000
14.139000
14.753000
16.068000
17.806000
19.601000
18.862000
17.758000
17.231000
16.938000
17.216000
19.111000
22.626000
23.462000
20.439000
15.107000
10.760000
9.361600
8.592600
7.784000
7.807800
8.133900
11.577000
14.905000
14.685000
14.169000
15.095000
16.043000
18.308000
19.691000
18.973000
18.222000
17.811000
17.540000
17.741000
19.137000
22.702000
24.064000
22.099000
18.162000
16.440000
13.328000
9.947900
9.280600
9.424700
9.564400
9.887400
10.278000
12.238000
14.472000
15.869000
17.301000
19.776000
22.063000
21.184000
19.742000
18.858000
17.219000
17.635000
20.860000
23.704000
24.406000
22.304000
20.139000
16.210000
12.763000
11.686000
11.533000
11.378000
9.846500
9.507700
10.572000
12.682000
16.206000
17.853000
18.902000
19.862000
21.778000
20.151000
18.290000
17.590000
17.247000
18.006000
22.006000
25.013000
26.423000
23.144000
18.133000
13.782000
10.133000
7.967200
7.582200
7.522700
8.488800
11.924000
15.465000
15.117000
14.730000
15.332000
16.335000
18.512000
20.333000
19.609000
18.670000
18.195000
17.953000
18.268000
20.104000
23.065000
24.159000
21.112000
14.940000
11.081000
9.224000
8.049100
7.650500
7.655400
8.428600
11.867000
15.005000
14.824000
14.332000
14.998000
16.323000
17.916000
19.539000
18.942000
17.880000
17.436000
17.354000
17.652000
19.449000
22.581000
23.699000
20.436000
14.819000
11.016000
9.232000
8.173300
7.755600
7.777500
8.506700
11.846000
15.024000
14.929000
14.537000
15.153000
16.346000
18.052000
19.739000
18.976000
17.963000
17.450000
17.187000
17.366000
19.076000
22.280000
23.581000
20.696000
14.976000
11.152000
9.243100
8.068600
7.640700
7.619300
8.235200
11.230000
14.209000
14.145000
13.737000
14.282000
15.603000
17.246000
18.914000
18.239000
17.150000
16.733000
16.564000
16.912000
18.645000
21.819000
23.274000
20.306000
15.087000
10.785000
9.367500
8.611200
7.804200
7.853600
8.112500
11.489000
14.760000
14.518000
13.976000
15.083000
15.957000
17.878000
19.179000
18.458000
17.786000
17.364000
17.228000
17.403000
18.965000
22.159000
23.898000
21.946000
18.116000
16.295000
13.233000
9.884600
9.170400
9.319400
9.378800
9.795200
10.206000
12.075000
14.086000
15.497000
16.864000
19.339000
21.481000
20.266000
18.841000
18.151000
16.442000
16.609000
19.849000
22.397000
23.860000
21.971000
19.383000
15.522000
12.154000
11.296000
11.159000
11.087000
9.441100
9.173600
10.146000
12.316000
15.849000
17.416000
18.257000
18.878000
20.691000
19.117000
17.400000
16.711000
16.422000
17.275000
21.524000
24.234000
25.594000
22.379000
17.478000
13.262000
9.823300
7.775700
7.403900
7.411800
8.269400
11.661000
15.424000
15.093000
14.574000
15.251000
16.161000
18.193000
19.987000
19.300000
18.254000
17.662000
17.523000
17.987000
19.807000
22.784000
23.901000
20.941000
14.646000
10.982000
9.142000
8.011100
7.652300
7.655100
8.332000
11.673000
14.934000
14.747000
14.252000
14.862000
16.043000
17.880000
19.461000
18.595000
17.561000
17.069000
16.790000
17.288000
19.172000
22.263000
23.252000
20.226000
14.622000
10.884000
9.171500
8.092800
7.712300
7.761600
8.443500
11.776000
14.978000
14.919000
14.504000
15.152000
16.438000
18.083000
19.711000
19.024000
17.624000
17.158000
16.959000
17.249000
19.164000
22.297000
23.486000
20.367000
14.792000
10.992000
9.238500
7.961900
7.557200
7.600700
8.274900
11.708000
14.938000
14.815000
14.318000
15.017000
16.133000
17.668000
19.198000
18.407000
17.405000
16.960000
16.683000
17.105000
19.002000
22.094000
23.364000
20.394000
15.094000
10.798000
9.377800
8.653200
7.902000
7.953600
8.189400
11.768000
15.062000
14.924000
14.422000
15.384000
16.269000
18.107000
19.302000
18.571000
17.876000
17.274000
16.950000
17.239000
18.793000
22.057000
24.017000
22.001000
18.178000
16.395000
13.246000
10.023000
9.293300
9.466400
9.585800
9.926700
10.357000
12.320000
14.479000
15.962000
17.235000
19.815000
21.912000
20.545000
19.023000
17.969000
16.542000
17.109000
20.593000
22.562000
23.301000
21.831000
19.919000
15.941000
12.360000
11.429000
11.211000
11.008000
9.484700
9.283700
10.186000
12.195000
15.614000
17.075000
17.963000
18.718000
20.471000
18.853000
16.952000
16.148000
16.011000
16.873000
21.162000
23.959000
25.945000
22.666000
17.474000
13.252000
9.753200
7.719100
7.313600
7.274700
8.198200
11.620000
15.432000
15.250000
14.748000
15.328000
16.187000
18.171000
19.878000
19.094000
17.971000
17.476000
17.349000
17.592000
19.308000
22.264000
24.043000
20.968000
14.695000
10.974000
9.079800
7.864000
7.466100
7.529800
8.217400
11.573000
14.802000
14.691000
14.274000
14.775000
15.948000
17.570000
19.271000
18.555000
17.480000
16.885000
16.690000
17.029000
19.049000
22.016000
23.440000
20.441000
14.742000
10.937000
9.118800
8.038500
7.637200
7.684600
8.401500
11.853000
14.942000
14.922000
14.461000
15.215000
16.426000
18.059000
19.816000
19.003000
17.791000
17.289000
16.992000
17.407000
19.347000
21.961000
23.521000
20.387000
14.701000
10.938000
9.135600
8.004700
7.582700
7.624000
8.188600
11.574000
14.769000
14.709000
14.272000
14.935000
16.091000
17.812000
19.536000
18.877000
17.762000
17.200000
17.070000
17.427000
19.186000
22.041000
23.772000
20.657000
15.222000
10.856000
9.425200
8.676200
7.889700
7.921400
8.012000
11.424000
14.672000
14.549000
14.158000
15.142000
15.989000
17.889000
19.316000
18.558000
17.876000
17.397000
17.181000
17.458000
18.895000
21.807000
23.952000
22.175000
18.077000
16.254000
13.103000
9.806800
9.113600
9.232800
9.227800
9.705200
10.141000
12.104000
14.213000
15.774000
17.120000
19.573000
21.590000
20.548000
19.007000
18.131000
16.565000
16.934000
20.102000
22.548000
24.074000
21.922000
20.404000
16.239000
12.535000
11.596000
11.348000
11.028000
9.495600
9.226700
10.205000
12.407000
16.141000
17.799000
18.688000
19.209000
20.784000
19.098000
17.211000
16.318000
15.882000
16.732000
21.384000
25.608000
26.161000
22.391000
18.050000
13.450000
9.259300
7.259100
6.844700
6.870400
8.489600
11.980000
15.535000
15.077000
14.460000
15.132000
15.989000
17.834000
19.311000
18.753000
17.664000
17.192000
17.227000
18.061000
20.159000
23.601000
24.953000
20.150000
15.059000
11.009000
9.215700
8.065300
6.925400
6.947900
8.539300
12.118000
15.441000
15.072000
14.600000
15.156000
16.357000
18.206000
19.897000
19.246000
18.543000
18.058000
17.759000
18.289000
19.762000
22.519000
24.033000
20.229000
15.152000
11.180000
9.358100
8.210800
7.010800
7.085100
8.660700
12.263000
15.508000
15.254000
14.692000
15.286000
16.523000
18.542000
20.201000
19.686000
19.020000
18.360000
17.954000
18.388000
19.957000
22.657000
24.021000
20.531000
15.371000
11.368000
9.461200
8.340200
7.130500
7.172200
8.746200
12.282000
15.539000
15.303000
14.715000
15.306000
16.477000
18.519000
20.127000
19.490000
18.872000
18.303000
18.143000
18.534000
20.090000
22.911000
24.175000
20.556000
15.544000
11.247000
9.468700
7.566200
6.774600
6.826200
8.868100
12.475000
15.866000
15.549000
15.007000
15.671000
17.169000
19.242000
20.610000
20.018000
19.052000
18.437000
18.082000
18.396000
19.734000
23.264000
25.087000
23.377000
19.350000
17.359000
13.977000
10.519000
10.237000
9.981100
10.120000
10.521000
11.296000
13.080000
15.285000
16.601000
17.908000
19.726000
21.752000
21.254000
19.913000
18.854000
17.165000
17.559000
21.175000
24.260000
26.232000
24.295000
21.492000
17.056000
13.281000
12.225000
11.944000
11.651000
10.059000
9.712100
10.649000
12.983000
16.906000
18.369000
19.287000
20.000000
21.642000
20.092000
18.193000
17.322000
16.862000
17.788000
22.348000
26.205000
27.294000
23.641000
19.221000
14.383000
9.885300
7.726800
7.263800
7.212800
8.763800
12.015000
15.370000
15.178000
14.624000
15.281000
16.103000
18.219000
20.015000
19.432000
18.401000
17.830000
17.950000
18.754000
20.466000
23.546000
25.181000
20.609000
15.280000
11.365000
9.497700
8.271500
7.081200
7.069800
8.569200
12.214000
15.712000
15.562000
15.071000
15.868000
17.185000
19.247000
20.901000
20.329000
19.602000
19.039000
18.668000
19.008000
20.399000
22.876000
23.997000
20.441000
15.412000
11.492000
9.589000
8.457900
7.237400
7.295500
8.873600
12.395000
15.954000
15.924000
15.447000
16.172000
17.533000
19.640000
21.405000
20.903000
20.307000
19.620000
19.112000
19.467000
20.826000
23.216000
24.501000
21.004000
15.740000
11.574000
9.729700
8.550100
7.308400
7.339100
8.873900
12.574000
16.042000
16.082000
15.695000
16.527000
17.952000
20.073000
21.929000
21.409000
20.845000
20.336000
19.885000
20.060000
21.322000
23.684000
25.288000
21.982000
16.391000
11.774000
9.838300
7.787400
6.923500
6.904600
8.809400
12.538000
16.076000
16.105000
15.886000
16.868000
18.286000
20.499000
22.202000
21.830000
21.185000
20.482000
20.115000
20.305000
21.453000
24.365000
25.987000
24.657000
20.203000
18.138000
14.627000
10.864000
10.513000
10.211000
10.309000
10.810000
11.625000
13.283000
15.899000
17.612000
19.207000
21.211000
23.595000
23.521000
22.057000
21.145000
19.275000
19.643000
23.397000
25.508000
27.202000
25.565000
22.844000
18.262000
14.071000
12.863000
12.452000
12.138000
10.449000
10.128000
11.028000
13.390000
17.295000
18.975000
19.831000
20.675000
22.523000
21.046000
19.228000
18.441000
18.002000
18.867000
23.467000
26.980000
27.973000
24.423000
20.093000
15.001000
10.212000
7.989500
7.528300
7.501400
9.182500
12.845000
16.511000
16.322000
15.751000
16.313000
17.164000
19.092000
20.943000
20.355000
19.285000
18.660000
18.640000
19.496000
21.195000
24.080000
25.724000
21.075000
15.982000
11.913000
9.964300
8.759400
7.541800
7.607200
9.185000
12.822000
16.150000
16.106000
15.544000
16.101000
17.448000
19.409000
21.066000
20.275000
19.458000
19.018000
18.728000
19.212000
20.704000
23.001000
24.595000
21.263000
16.230000
12.024000
10.038000
8.784200
7.502500
7.520500
9.113800
12.831000
16.179000
16.068000
15.467000
15.956000
17.306000
19.344000
21.062000
20.382000
19.660000
18.997000
18.647000
19.295000
20.805000
22.819000
23.971000
21.049000
16.302000
12.149000
10.057000
8.830500
7.549000
7.511400
8.917900
12.117000
15.058000
15.094000
14.711000
15.274000
16.571000
18.601000
20.341000
19.501000
18.731000
18.150000
17.928000
18.576000
19.848000
22.249000
24.128000
21.057000
16.144000
11.731000
9.803700
7.771500
6.929500
6.952200
8.888500
12.424000
15.813000
15.891000
15.463000
15.988000
17.185000
19.167000
20.557000
19.817000
19.226000
18.668000
18.385000
18.869000
19.976000
22.827000
24.761000
23.312000
19.523000
17.722000
14.356000
10.739000
10.431000
10.154000
10.257000
10.722000
11.389000
13.126000
15.456000
16.965000
18.454000
20.162000
22.407000
22.089000
20.609000
19.688000
18.074000
18.402000
21.992000
24.469000
26.448000
24.651000
21.940000
17.521000
13.666000
12.616000
12.345000
12.061000
10.400000
10.052000
11.059000
13.326000
17.159000
18.857000
19.714000
20.420000
22.333000
20.661000
18.846000
17.905000
17.502000
18.199000
22.814000
26.618000
27.523000
24.010000
19.798000
14.785000
10.076000
7.893000
7.412900
7.427900
8.952300
12.257000
15.599000
15.812000
15.377000
16.011000
16.873000
18.990000
20.811000
19.804000
18.574000
18.062000
18.262000
19.039000
20.419000
22.906000
24.573000
20.334000
15.627000
11.774000
9.753000
8.419500
7.104800
7.081500
8.420000
11.453000
14.030000
14.156000
13.779000
14.270000
15.124000
17.266000
18.928000
17.774000
16.922000
16.295000
16.277000
16.861000
18.369000
20.921000
22.764000
19.790000
14.962000
11.103000
9.270900
8.132700
6.930800
6.947300
8.598200
11.911000
15.146000
15.429000
15.050000
15.578000
16.673000
18.780000
20.410000
19.578000
18.748000
18.184000
17.949000
18.440000
19.838000
22.373000
24.023000
20.675000
15.794000
11.659000
9.714100
8.432300
7.178700
7.239100
8.808700
12.181000
15.455000
15.689000
15.335000
15.947000
17.177000
19.265000
20.900000
20.081000
19.319000
18.883000
18.626000
19.042000
20.283000
22.422000
24.449000
21.178000
16.068000
11.632000
9.722100
7.731500
6.889400
6.944400
8.943100
12.353000
15.644000
16.005000
15.552000
16.198000
17.392000
19.485000
20.845000
20.087000
19.473000
18.917000
18.676000
19.103000
20.285000
23.129000
25.233000
23.746000
19.921000
17.943000
14.449000
10.780000
10.428000
10.159000
10.326000
10.770000
11.588000
13.266000
15.758000
17.413000
18.901000
20.592000
22.721000
22.646000
21.308000
20.338000
18.572000
18.911000
22.517000
24.960000
27.084000
25.168000
22.363000
17.811000
13.939000
12.706000
12.327000
12.009000
10.388000
9.967000
10.822000
12.977000
16.837000
18.486000
19.499000
20.111000
21.842000
20.283000
18.598000
17.797000
17.457000
18.217000
22.809000
25.941000
27.269000
24.076000
19.734000
14.710000
10.031000
7.865300
7.355300
7.259100
8.841500
12.187000
15.610000
15.741000
15.336000
15.850000
16.715000
18.699000
20.537000
19.806000
18.813000
18.351000
18.469000
19.267000
20.799000
23.774000
25.995000
21.735000
20.871000
15.769000
12.417000
10.724000
10.371000
10.373000
10.589000
13.154000
15.340000
15.197000
15.849000
16.831000
18.004000
19.985000
21.191000
20.525000
19.846000
19.353000
19.036000
19.336000
20.463000
23.256000
25.148000
23.394000
20.830000
15.727000
12.464000
10.774000
10.319000
10.373000
10.658000
13.217000
15.369000
15.264000
15.816000
16.664000
17.771000
19.672000
20.744000
20.053000
19.245000
18.727000
18.450000
18.892000
20.050000
22.875000
24.618000
23.007000
20.407000
15.402000
12.185000
10.545000
10.104000
10.127000
10.365000
12.893000
15.002000
14.898000
15.449000
16.334000
17.446000
19.293000
20.263000
19.556000
18.766000
18.304000
18.134000
18.665000
19.954000
22.730000
24.369000
22.757000
19.630000
14.777000
11.249000
9.696400
9.349400
9.403200
10.041000
12.380000
14.498000
14.579000
15.160000
16.038000
17.257000
19.125000
20.432000
19.829000
19.154000
18.762000
18.668000
19.193000
20.166000
22.830000
25.517000
24.067000
22.291000
18.586000
15.060000
13.424000
12.695000
12.107000
12.035000
12.135000
12.609000
14.533000
16.568000
18.311000
19.688000
21.017000
22.338000
22.480000
21.896000
20.978000
18.797000
18.765000
19.707000
21.598000
24.270000
23.006000
22.022000
18.329000
14.688000
13.630000
11.665000
11.713000
11.739000
12.056000
12.577000
14.184000
15.607000
18.196000
20.506000
21.759000
22.987000
22.473000
20.485000
19.688000
19.637000
20.523000
21.348000
22.825000
26.150000
23.879000
23.282000
17.870000
12.296000
10.092000
9.637200
9.594100
9.735700
13.519000
15.172000
15.034000
15.584000
16.305000
17.335000
19.150000
20.450000
19.924000
19.174000
18.571000
18.327000
18.797000
19.922000
22.573000
24.176000
23.155000
20.103000
15.207000
12.075000
10.410000
9.965600
10.054000
10.357000
12.826000
14.855000
14.765000
15.380000
16.312000
17.489000
19.474000
20.783000
20.059000
19.424000
19.030000
18.808000
19.289000
20.436000
23.281000
25.357000
23.734000
20.987000
15.732000
12.382000
10.678000
10.294000
10.306000
10.612000
13.139000
15.141000
15.081000
15.710000
16.627000
17.842000
19.789000
21.119000
20.541000
19.833000
19.294000
19.030000
19.486000
20.561000
23.354000
25.197000
23.701000
21.297000
15.850000
12.432000
10.839000
10.447000
10.391000
10.560000
12.933000
14.825000
14.811000
15.486000
16.356000
17.561000
19.611000
21.015000
20.492000
19.792000
19.342000
19.051000
19.609000
20.784000
23.453000
25.561000
23.938000
20.787000
15.853000
11.953000
10.259000
9.818400
9.857500
10.585000
13.044000
15.027000
15.029000
15.606000
16.520000
17.724000
19.782000
21.110000
20.614000
19.832000
19.354000
19.173000
19.701000
20.590000
23.196000
25.840000
24.134000
22.660000
18.849000
15.266000
13.762000
13.057000
12.441000
12.564000
12.570000
12.919000
14.320000
16.189000
17.693000
19.079000
20.287000
21.451000
21.715000
21.116000
20.238000
18.107000
18.203000
19.234000
21.341000
24.358000
23.261000
22.069000
18.249000
14.760000
13.606000
11.552000
11.751000
11.770000
11.928000
12.580000
13.812000
15.037000
17.604000
19.678000
20.561000
21.859000
21.634000
19.773000
18.924000
18.972000
20.081000
21.495000
23.078000
26.797000
24.643000
24.211000
18.319000
12.509000
10.244000
9.775200
9.740600
9.934000
13.800000
15.543000
15.522000
16.206000
17.348000
18.661000
20.898000
22.448000
21.939000
21.212000
20.574000
20.202000
20.650000
21.697000
24.411000
25.923000
24.763000
21.478000
16.028000
12.612000
10.828000
10.394000
10.414000
10.753000
13.349000
15.569000
15.739000
16.616000
17.811000
19.171000
21.476000
23.153000
22.641000
21.807000
21.279000
20.893000
21.305000
22.206000
24.947000
26.946000
25.202000
22.046000
16.531000
12.968000
11.118000
10.665000
10.668000
11.028000
13.567000
15.830000
16.037000
16.938000
18.157000
19.693000
22.073000
23.702000
23.223000
22.487000
21.770000
21.465000
21.825000
22.625000
25.404000
27.293000
25.770000
22.582000
16.863000
13.144000
11.311000
10.746000
10.734000
11.007000
13.588000
15.818000
16.037000
17.100000
18.359000
20.000000
22.615000
24.301000
23.783000
22.979000
22.345000
21.854000
22.273000
23.208000
25.884000
27.845000
26.189000
22.505000
16.797000
12.731000
10.801000
10.289000
10.251000
11.087000
13.563000
15.911000
16.200000
17.170000
18.324000
19.839000
22.183000
23.803000
23.332000
22.528000
21.773000
21.410000
21.648000
22.429000
25.116000
27.408000
25.447000
23.598000
19.715000
15.911000
14.294000
13.491000
12.729000
12.978000
12.938000
13.260000
15.058000
17.205000
18.974000
20.470000
21.805000
23.057000
23.291000
22.658000
21.682000
19.235000
19.191000
20.001000
22.225000
24.774000
23.535000
22.504000
18.678000
15.028000
13.925000
11.884000
11.974000
12.101000
12.218000
12.699000
14.127000
15.400000
17.960000
20.173000
21.261000
22.626000
22.383000
20.539000
19.685000
19.688000
20.561000
21.468000
22.788000
26.856000
24.625000
23.958000
18.268000
12.577000
10.268000
9.820200
9.758900
9.934800
13.687000
15.334000
15.286000
16.004000
16.992000
18.080000
20.505000
22.101000
21.504000
20.762000
20.162000
19.781000
20.222000
21.266000
24.061000
25.792000
24.509000
21.135000
15.921000
12.561000
10.729000
10.216000
10.290000
10.708000
13.066000
15.241000
15.296000
16.002000
17.055000
18.522000
20.809000
22.250000
21.742000
21.068000
20.500000
20.201000
20.734000
21.693000
24.538000
26.340000
24.702000
21.564000
16.153000
12.661000
10.822000
10.402000
10.409000
10.774000
13.158000
15.417000
15.574000
16.506000
17.611000
19.227000
21.634000
23.160000
22.691000
21.933000
21.343000
20.943000
21.308000
22.226000
24.976000
26.810000
24.921000
21.955000
16.451000
12.931000
10.998000
10.517000
10.505000
10.871000
13.325000
15.460000
15.652000
16.547000
17.705000
19.202000
21.519000
23.195000
22.584000
21.907000
21.332000
20.784000
21.104000
22.119000
25.032000
26.768000
24.893000
21.461000
16.141000
12.161000
10.373000
9.866800
9.867600
10.584000
12.850000
14.878000
14.921000
15.757000
16.829000
18.118000
20.451000
21.991000
21.500000
20.786000
20.193000
19.907000
20.323000
21.125000
24.049000
26.667000
24.759000
23.029000
19.327000
15.602000
13.898000
13.144000
12.491000
12.842000
12.776000
13.085000
14.848000
16.983000
18.772000
20.284000
21.794000
23.329000
23.876000
23.503000
22.550000
20.104000
19.999000
20.836000
22.971000
25.460000
24.124000
23.043000
19.180000
15.430000
14.224000
12.068000
12.158000
12.353000
12.381000
12.782000
14.274000
15.664000
18.360000
20.772000
22.037000
23.861000
23.914000
21.992000
21.078000
21.018000
21.815000
22.554000
23.972000
27.876000
25.510000
24.939000
18.894000
12.856000
10.476000
9.980200
9.928300
10.186000
14.003000
15.536000
15.710000
16.424000
17.550000
18.947000
21.308000
22.957000
22.361000
21.568000
20.863000
20.431000
20.737000
21.643000
24.549000
25.696000
24.156000
21.015000
15.857000
12.452000
10.725000
10.187000
10.196000
10.625000
12.993000
14.931000
15.054000
15.903000
16.916000
18.159000
20.290000
21.617000
20.875000
20.056000
19.458000
19.175000
19.561000
20.469000
23.461000
25.097000
23.328000
20.527000
15.461000
12.167000
10.392000
9.928800
9.952000
10.396000
12.715000
14.649000
14.750000
15.560000
16.621000
17.942000
20.171000
21.579000
21.013000
20.326000
19.654000
19.310000
19.739000
20.601000
23.515000
25.329000
23.452000
20.618000
15.406000
12.049000
10.201000
9.773700
9.770200
10.109000
12.372000
14.334000
14.519000
15.378000
16.487000
17.826000
19.975000
21.459000
20.835000
20.147000
19.632000
19.359000
19.799000
20.815000
23.565000
25.249000
23.413000
19.921000
14.892000
11.668000
10.064000
9.625900
9.694100
10.199000
12.720000
15.254000
15.315000
16.016000
17.212000
18.527000
20.667000
22.024000
21.568000
20.369000
19.836000
19.421000
19.475000
20.317000
21.966000
24.985000
23.621000
21.871000
18.389000
14.981000
13.376000
12.611000
11.684000
11.746000
11.909000
12.558000
14.259000
16.247000
17.772000
18.545000
19.623000
21.513000
21.533000
20.813000
19.937000
17.368000
17.447000
18.045000
19.043000
22.235000
21.310000
19.794000
16.392000
13.274000
12.289000
10.477000
10.611000
10.743000
10.787000
11.465000
12.920000
14.246000
16.652000
18.610000
19.574000
20.821000
20.468000
18.779000
18.049000
18.136000
19.034000
19.646000
19.801000
24.222000
22.457000
21.679000
16.385000
12.102000
10.102000
9.295600
9.327300
9.703500
12.959000
14.858000
14.858000
15.633000
16.719000
17.858000
19.985000
21.371000
21.096000
20.092000
19.591000
19.065000
19.198000
19.802000
22.091000
23.710000
21.994000
19.145000
14.375000
11.643000
10.518000
9.695600
9.762300
10.199000
12.197000
14.756000
14.691000
15.418000
16.591000
17.913000
20.057000
21.434000
21.070000
20.098000
19.542000
19.125000
19.317000
20.279000
21.943000
24.442000
22.177000
19.633000
14.612000
11.773000
10.602000
9.859400
9.923800
10.365000
12.355000
14.821000
14.861000
15.600000
16.705000
18.110000
20.416000
21.995000
21.694000
20.641000
20.010000
19.468000
19.533000
20.575000
22.394000
24.715000
22.418000
20.019000
14.892000
12.172000
10.913000
10.133000
10.139000
10.593000
12.559000
15.058000
15.155000
15.836000
17.050000
18.551000
20.714000
22.206000
22.086000
21.147000
20.464000
19.891000
19.886000
20.659000
22.528000
24.910000
22.752000
19.936000
14.841000
11.614000
9.933800
9.543000
9.572900
9.993100
12.434000
14.902000
15.021000
15.813000
17.069000
18.557000
20.961000
22.660000
22.242000
21.195000
20.472000
19.898000
20.034000
20.735000
22.679000
25.496000
23.953000
22.043000
18.682000
15.151000
13.469000
12.743000
11.828000
11.842000
12.054000
12.527000
14.339000
16.364000
18.034000
19.072000
20.416000
22.736000
23.197000
22.733000
21.770000
18.874000
18.687000
19.180000
20.268000
23.171000
22.158000
20.933000
17.160000
13.882000
12.794000
10.812000
10.906000
11.042000
11.070000
11.664000
13.064000
14.260000
16.797000
19.043000
20.222000
21.846000
21.874000
20.201000
19.317000
19.227000
19.909000
20.300000
21.037000
25.144000
23.334000
22.555000
16.969000
12.405000
10.287000
9.464200
9.504600
9.777800
12.913000
14.769000
14.724000
15.463000
16.617000
17.968000
20.256000
21.963000
21.686000
20.518000
19.803000
19.224000
19.327000
19.853000
22.483000
24.254000
22.490000
19.702000
14.692000
11.880000
10.624000
9.767800
9.825000
10.257000
12.167000
14.416000
14.427000
15.191000
16.268000
17.618000
19.865000
21.427000
21.248000
20.267000
19.597000
19.131000
19.262000
20.352000
22.569000
24.485000
22.302000
19.874000
14.990000
12.205000
10.926000
10.055000
10.105000
10.448000
12.312000
14.497000
14.471000
15.109000
16.141000
17.317000
19.513000
21.003000
20.668000
19.525000
18.910000
18.326000
18.502000
19.427000
21.541000
23.621000
21.470000
19.371000
14.511000
11.743000
10.568000
9.724000
9.732400
10.003000
11.789000
13.713000
13.569000
14.145000
15.132000
16.226000
18.103000
19.630000
19.341000
18.465000
17.886000
17.593000
17.786000
18.786000
21.009000
22.807000
20.728000
20.776000
17.170000
13.831000
12.821000
10.932000
10.989000
11.151000
11.428000
11.983000
13.455000
14.770000
17.111000
19.177000
20.115000
21.488000
21.315000
19.593000
18.836000
18.746000
19.413000
19.917000
20.558000
23.909000
22.150000
19.867000
16.775000
13.596000
12.220000
11.525000
10.693000
10.909000
11.157000
11.354000
13.021000
14.809000
16.129000
16.918000
18.056000
20.132000
20.476000
19.930000
19.139000
16.731000
16.641000
17.340000
19.044000
21.575000
20.704000
19.288000
15.967000
12.871000
11.918000
10.145000
10.278000
10.459000
10.551000
10.924000
12.188000
13.437000
15.781000
17.778000
18.822000
20.096000
20.025000
18.365000
17.695000
17.746000
18.452000
19.036000
20.343000
23.959000
22.672000
21.308000
16.095000
11.785000
9.877500
9.122200
9.210900
9.564600
12.778000
14.353000
14.185000
14.884000
16.054000
17.276000
19.585000
21.006000
20.641000
19.685000
19.140000
18.604000
18.908000
19.666000
22.588000
23.431000
21.651000
19.111000
14.364000
11.708000
10.468000
9.674000
9.738800
10.148000
12.096000
14.008000
14.028000
14.707000
15.820000
17.123000
19.299000
20.889000
20.474000
19.409000
18.634000
18.162000
18.321000
19.437000
22.044000
23.665000
21.270000
19.181000
14.329000
11.635000
10.538000
9.774300
9.843900
10.156000
12.184000
14.172000
14.161000
14.876000
15.745000
17.040000
19.112000
20.555000
20.029000
19.063000
18.470000
18.102000
18.243000
19.393000
21.904000
23.398000
21.157000
18.961000
14.248000
11.660000
10.521000
9.758200
9.798800
10.221000
12.154000
14.067000
13.983000
14.676000
15.765000
16.933000
18.954000
20.367000
19.968000
18.861000
18.491000
18.088000
18.297000
19.425000
22.293000
23.716000
21.448000
18.959000
14.161000
11.137000
9.551300
9.220900
9.263200
9.680200
12.046000
14.002000
13.919000
14.618000
15.579000
16.816000
18.720000
20.035000
19.487000
18.472000
18.082000
17.694000
18.009000
19.267000
22.028000
24.166000
22.652000
20.871000
17.637000
14.225000
12.703000
12.039000
11.170000
11.300000
11.519000
11.866000
13.495000
15.313000
16.784000
17.657000
18.808000
20.804000
21.005000
20.330000
19.543000
17.123000
17.034000
17.774000
19.863000
21.984000
20.894000
19.586000
16.162000
13.036000
12.092000
10.271000
10.413000
10.595000
10.741000
11.110000
12.494000
13.858000
16.247000
18.325000
19.346000
20.617000
20.478000
18.845000
17.990000
17.982000
18.798000
19.531000
20.950000
24.417000
22.586000
21.729000
16.502000
12.132000
10.159000
9.396900
9.597500
10.150000
13.786000
15.617000
15.416000
15.901000
17.004000
18.436000
20.754000
22.229000
21.927000
20.926000
20.348000
19.874000
20.145000
20.944000
24.127000
24.944000
22.984000
20.171000
15.138000
12.387000
11.100000
10.219000
10.350000
10.934000
13.300000
15.441000
15.422000
16.280000
17.612000
19.234000
21.644000
23.470000
23.187000
22.238000
21.571000
21.073000
21.127000
22.142000
24.915000
25.860000
23.467000
20.788000
15.633000
12.650000
11.477000
10.587000
10.623000
11.096000
13.482000
15.769000
15.888000
16.760000
18.112000
19.789000
22.224000
24.025000
23.842000
22.716000
21.957000
21.237000
21.268000
22.374000
25.000000
26.300000
23.892000
21.316000
15.936000
12.879000
11.590000
10.712000
10.668000
11.152000
13.536000
15.899000
15.795000
16.710000
18.118000
19.798000
22.157000
24.002000
23.841000
22.674000
21.977000
21.249000
21.163000
22.275000
25.003000
25.966000
23.706000
20.936000
15.746000
12.382000
10.617000
10.207000
10.231000
10.745000
13.572000
15.775000
15.900000
16.650000
17.896000
19.444000
21.841000
23.535000
23.274000
22.126000
21.364000
20.734000
20.778000
21.977000
24.657000
26.410000
24.794000
22.836000
19.451000
15.741000
14.017000
13.293000
12.229000
12.280000
12.706000
12.917000
14.809000
16.882000
18.568000
19.553000
20.875000
23.341000
23.788000
23.205000
22.033000
19.138000
18.810000
19.704000
21.653000
23.558000
22.536000
21.024000
17.454000
14.029000
12.998000
11.075000
11.208000
11.327000
11.632000
11.898000
13.437000
14.733000
17.367000
19.746000
20.954000
22.660000
22.668000
21.023000
20.193000
20.178000
20.832000
21.494000
22.861000
26.027000
24.067000
20.344000
14.716000
10.191000
8.711600
8.199100
8.207600
9.159400
12.510000
16.723000
17.102000
16.844000
17.817000
19.193000
21.510000
24.538000
24.201000
22.947000
22.631000
21.936000
21.484000
22.471000
26.431000
28.677000
24.249000
17.199000
12.561000
10.400000
9.045300
8.092400
8.130900
9.255000
12.634000
16.194000
16.670000
16.493000
17.475000
18.773000
21.022000
24.035000
23.797000
22.650000
22.334000
21.664000
21.252000
22.218000
25.836000
27.619000
23.310000
17.285000
12.719000
10.533000
9.180600
8.310500
8.294100
9.455200
12.968000
16.595000
17.007000
16.714000
17.630000
18.860000
21.000000
23.875000
23.533000
22.285000
21.918000
21.286000
20.935000
22.013000
25.674000
27.367000
23.083000
17.239000
12.687000
10.535000
9.190500
8.267100
8.294400
9.426900
12.949000
16.582000
16.915000
16.541000
17.488000
18.715000
20.850000
23.578000
23.148000
21.958000
21.603000
21.062000
20.804000
22.067000
25.740000
27.459000
23.075000
16.808000
11.936000
9.897300
8.102600
7.679600
7.681400
8.486600
12.713000
16.364000
16.723000
16.408000
17.413000
18.514000
20.612000
23.465000
23.106000
21.817000
21.587000
20.998000
20.844000
21.869000
25.404000
27.169000
25.477000
20.984000
18.775000
15.033000
11.151000
10.356000
10.464000
10.532000
10.841000
11.219000
13.575000
16.137000
17.900000
19.592000
22.064000
24.439000
24.635000
23.235000
22.195000
20.080000
19.894000
23.004000
27.345000
27.633000
25.287000
23.527000
18.842000
13.147000
13.362000
12.990000
12.625000
10.906000
10.376000
11.366000
13.742000
17.972000
19.951000
21.150000
22.174000
24.570000
22.895000
20.882000
20.012000
19.306000
19.531000
23.031000
27.261000
29.098000
25.467000
19.965000
14.572000
10.063000
8.722500
8.162300
8.127900
9.108700
12.513000
16.371000
16.364000
16.039000
16.953000
18.047000
20.037000
22.803000
22.304000
21.138000
20.716000
20.140000
19.914000
21.650000
25.400000
27.093000
22.807000
16.317000
12.012000
10.018000
8.759200
7.924000
7.965500
9.125100
12.618000
16.199000
16.427000
16.238000
17.125000
18.257000
20.345000
22.912000
22.234000
20.997000
20.788000
20.229000
20.186000
21.612000
25.172000
26.294000
22.119000
16.522000
12.113000
10.096000
8.833300
8.067100
8.090200
9.242300
12.754000
16.339000
16.383000
16.060000
16.888000
18.036000
20.108000
22.680000
22.215000
21.098000
20.846000
20.264000
19.992000
21.742000
25.150000
26.370000
22.193000
16.643000
12.238000
10.184000
8.840800
7.940000
7.901600
8.750900
11.971000
15.074000
15.184000
14.895000
15.727000
16.799000
18.753000
21.277000
20.709000
19.597000
19.313000
18.993000
18.877000
20.781000
24.487000
25.874000
21.679000
15.798000
11.264000
9.312100
7.664100
7.236100
7.249500
7.970700
12.175000
15.697000
15.980000
15.823000
16.603000
17.569000
19.513000
22.014000
21.566000
20.444000
20.198000
19.712000
19.707000
21.243000
24.388000
25.949000
24.183000
20.102000
18.016000
14.445000
10.777000
10.032000
10.245000
10.344000
10.620000
10.974000
13.328000
15.764000
17.580000
19.186000
21.706000
23.946000
24.081000
22.494000
21.436000
19.359000
19.423000
22.768000
26.649000
27.070000
24.473000
22.609000
18.143000
12.708000
13.044000
12.620000
12.270000
10.537000
10.117000
11.016000
13.538000
17.469000
19.367000
20.234000
21.112000
23.384000
21.934000
20.046000
19.060000
18.515000
18.969000
23.274000
27.334000
28.591000
24.929000
19.198000
14.008000
9.794700
8.501900
8.020000
7.995400
9.061400
12.861000
16.953000
16.706000
16.173000
16.935000
17.896000
19.827000
22.322000
21.878000
20.700000
20.512000
19.910000
19.793000
22.116000
25.532000
26.389000
22.108000
15.762000
11.667000
9.720700
8.499100
7.676400
7.718400
9.014300
12.822000
16.355000
16.312000
15.808000
16.460000
17.387000
19.121000
21.274000
20.880000
19.795000
19.606000
19.228000
19.525000
22.092000
24.914000
25.382000
21.172000
15.830000
11.682000
9.816300
8.615800
7.774000
7.910500
9.148000
13.034000
16.671000
16.501000
15.878000
16.620000
17.470000
19.214000
21.379000
20.962000
19.828000
19.567000
19.091000
19.227000
21.706000
24.645000
25.416000
21.236000
15.710000
11.648000
9.721700
8.524900
7.747700
7.705800
8.947300
12.818000
16.468000
16.200000
15.686000
16.351000
17.214000
18.996000
21.161000
20.660000
19.617000
19.383000
18.971000
19.179000
21.767000
24.688000
25.446000
21.268000
15.451000
11.044000
9.170100
7.543100
7.139300
7.198700
8.036800
12.634000
16.340000
16.140000
15.665000
16.327000
17.253000
18.984000
21.234000
20.703000
19.484000
19.187000
18.824000
19.016000
21.354000
24.187000
25.354000
23.577000
19.454000
17.378000
14.005000
10.498000
9.748800
9.911700
10.070000
10.534000
10.891000
13.121000
15.572000
17.094000
18.496000
20.881000
22.539000
22.307000
20.766000
19.959000
17.955000
18.058000
22.136000
25.414000
25.543000
23.163000
21.453000
16.874000
11.844000
12.147000
11.784000
11.498000
10.002000
9.780100
10.677000
12.974000
17.011000
18.681000
19.559000
20.461000
22.180000
20.507000
18.729000
17.707000
17.092000
17.749000
22.708000
25.932000
27.032000
23.671000
18.496000
13.504000
9.411400
8.152100
7.726600
7.760900
8.853700
12.824000
17.033000
16.660000
16.029000
16.590000
17.365000
18.876000
20.708000
20.169000
19.027000
18.784000
18.344000
18.703000
21.583000
23.999000
24.615000
20.384000
14.575000
10.859000
9.139200
7.986600
7.239400
7.260600
8.423400
12.227000
15.704000
15.326000
14.754000
15.335000
16.179000
17.744000
19.752000
19.207000
18.083000
17.863000
17.491000
17.818000
20.744000
23.158000
23.752000
19.856000
14.742000
10.882000
9.143300
8.012900
7.257600
7.326900
8.395400
11.983000
15.360000
15.031000
14.478000
15.090000
15.830000
17.316000
19.227000
18.573000
17.483000
17.343000
17.050000
17.439000
20.391000
22.987000
23.517000
19.599000
14.559000
10.846000
9.050300
7.986500
7.250200
7.288300
8.367700
12.134000
15.485000
15.043000
14.443000
14.923000
15.766000
17.291000
19.340000
18.737000
17.693000
17.451000
17.043000
17.379000
20.573000
23.009000
23.595000
19.605000
14.195000
10.013000
8.377900
6.930400
6.582000
6.664300
7.475100
11.870000
15.283000
15.048000
14.399000
14.908000
15.714000
17.262000
19.310000
18.852000
17.846000
17.677000
17.238000
17.628000
20.392000
22.761000
23.774000
21.995000
18.080000
16.148000
13.059000
9.747600
9.073100
9.298700
9.455500
10.033000
10.354000
12.481000
14.600000
16.028000
17.212000
19.323000
20.895000
20.503000
18.993000
18.204000
16.502000
16.984000
21.264000
24.255000
24.165000
21.640000
19.913000
15.805000
11.141000
11.461000
11.178000
11.019000
9.562600
9.457800
10.436000
12.736000
16.682000
18.283000
19.092000
19.835000
21.371000
19.372000
17.382000
16.657000
16.268000
17.013000
21.978000
24.708000
25.733000
22.446000
17.417000
12.772000
8.861700
7.742800
7.386300
7.425700
8.544100
12.540000
16.530000
15.878000
15.215000
15.742000
16.484000
18.012000
20.041000
19.540000
18.477000
18.260000
17.843000
18.331000
21.574000
23.814000
24.343000
20.201000
14.389000
10.699000
8.919900
7.823500
7.123500
7.213700
8.477400
12.277000
15.759000
15.334000
14.728000
15.269000
16.028000
17.527000
19.564000
19.099000
18.049000
17.897000
17.490000
17.989000
21.223000
23.249000
23.673000
19.652000
14.862000
10.979000
9.127800
8.063700
7.282700
7.364600
8.534900
12.070000
15.145000
15.242000
14.915000
15.766000
16.684000
18.336000
20.598000
19.861000
18.674000
18.425000
17.379000
16.612000
19.708000
23.615000
24.582000
20.518000
15.071000
11.101000
9.273900
8.187900
7.339400
7.372000
8.581800
12.107000
15.256000
15.294000
14.928000
15.663000
16.789000
18.718000
20.843000
20.155000
19.055000
18.726000
17.742000
16.861000
19.711000
23.408000
24.644000
20.591000
14.858000
10.651000
8.829000
7.229700
6.842900
6.916000
7.666500
11.988000
15.003000
15.194000
14.866000
15.706000
16.795000
18.600000
20.903000
20.254000
19.054000
18.715000
17.698000
16.843000
19.727000
23.221000
24.612000
22.776000
19.016000
17.005000
13.705000
10.169000
9.493300
9.639600
9.684800
10.158000
10.229000
12.365000
14.667000
16.234000
17.661000
20.011000
21.995000
21.813000
20.209000
19.169000
16.881000
16.037000
20.609000
25.039000
25.356000
22.929000
21.229000
16.844000
12.862000
12.034000
11.708000
11.402000
9.830100
9.629100
10.432000
12.727000
16.447000
18.007000
18.919000
19.699000
21.562000
19.892000
18.014000
17.028000
15.879000
15.565000
20.915000
25.108000
26.299000
23.100000
18.089000
13.210000
9.144800
7.895500
7.518800
7.467300
8.461400
12.100000
15.788000
15.751000
15.244000
16.015000
17.030000
18.851000
21.097000
20.267000
19.126000
18.887000
17.781000
16.967000
20.194000
23.888000
25.039000
21.022000
14.998000
11.036000
9.302200
8.130300
7.319000
7.356100
8.467600
11.978000
15.123000
15.108000
14.772000
15.627000
16.552000
18.380000
20.717000
19.960000
18.778000
18.586000
17.521000
16.931000
19.983000
23.424000
24.642000
20.430000
15.082000
11.186000
9.463400
8.243300
7.409500
7.485500
8.660700
12.329000
15.557000
15.420000
14.953000
15.589000
16.469000
18.233000
20.549000
19.939000
18.956000
18.755000
17.556000
17.051000
20.003000
23.432000
24.474000
20.467000
15.165000
11.196000
9.344300
8.161300
7.353700
7.334300
8.290700
11.627000
14.619000
14.755000
14.456000
15.232000
16.266000
17.980000
20.077000
19.319000
18.138000
17.923000
16.987000
16.648000
19.595000
22.959000
24.234000
20.460000
14.842000
10.562000
8.681800
7.179500
6.831500
6.881100
7.556800
11.778000
14.918000
15.049000
14.757000
15.440000
16.330000
18.123000
20.304000
19.384000
18.144000
18.001000
17.103000
16.698000
19.459000
22.711000
24.069000
22.261000
18.574000
16.710000
13.412000
10.047000
9.351200
9.453300
9.556500
10.137000
10.226000
12.401000
14.673000
16.104000
17.369000
19.609000
21.331000
21.041000
19.602000
18.540000
16.390000
16.008000
20.293000
24.446000
24.821000
22.431000
20.914000
16.839000
12.840000
12.034000
11.773000
11.648000
9.869800
9.770800
10.474000
12.680000
16.509000
18.009000
18.906000
19.596000
21.253000
19.446000
17.588000
16.658000
15.658000
15.622000
20.482000
24.134000
25.766000
22.725000
17.706000
13.001000
8.986200
7.688000
7.245500
7.192800
8.000800
11.074000
14.053000
14.122000
13.963000
14.672000
15.440000
17.204000
19.382000
18.585000
17.227000
16.807000
15.983000
16.071000
19.086000
22.325000
23.682000
19.733000
14.010000
10.328000
8.685500
7.590500
6.847600
6.903900
7.995000
11.631000
15.025000
14.863000
14.491000
15.141000
16.019000
17.589000
19.633000
18.803000
17.656000
17.365000
16.537000
16.508000
19.573000
22.975000
23.958000
20.055000
14.610000
10.747000
8.975400
7.833900
7.069600
7.101800
8.300100
11.970000
15.383000
15.268000
14.870000
15.506000
16.485000
18.064000
20.189000
19.426000
18.285000
18.029000
17.151000
17.116000
20.008000
23.488000
24.547000
20.529000
14.979000
10.987000
9.297300
8.227300
7.419300
7.466700
8.492300
12.074000
15.566000
15.389000
14.915000
15.704000
16.697000
18.505000
20.596000
19.880000
18.748000
18.509000
17.471000
17.429000
20.348000
23.679000
24.690000
20.833000
15.077000
10.750000
8.829200
7.314800
6.885600
6.970900
7.781500
12.219000
15.587000
15.333000
14.977000
15.632000
16.505000
18.218000
20.480000
19.941000
18.815000
18.527000
17.587000
17.314000
20.004000
23.247000
24.658000
22.973000
19.077000
16.896000
13.586000
10.169000
9.431300
9.502100
9.688000
10.246000
10.506000
12.478000
14.789000
16.193000
17.559000
20.007000
21.868000
21.683000
20.142000
19.066000
16.708000
16.487000
20.720000
24.726000
25.102000
22.591000
20.821000
16.405000
12.593000
11.875000
11.556000
11.306000
9.844100
9.741100
10.633000
12.729000
16.551000
17.938000
18.745000
19.394000
21.392000
19.770000
17.841000
16.937000
15.849000
16.252000
21.258000
25.010000
26.229000
23.087000
17.878000
13.115000
9.101700
7.851600
7.421100
7.383500
8.387500
12.072000
15.869000
15.585000
15.012000
15.807000
16.754000
18.560000
20.856000
20.201000
19.008000
18.863000
17.705000
17.616000
20.563000
23.768000
24.927000
20.783000
14.708000
10.836000
9.027300
7.924400
7.158800
7.246500
8.378700
11.993000
15.457000
15.151000
14.817000
15.525000
16.646000
18.509000
20.736000
19.930000
18.734000
18.592000
17.787000
17.917000
20.617000
23.836000
24.697000
20.672000
15.188000
11.197000
9.357900
8.235700
7.398700
7.448300
8.516200
12.089000
15.558000
15.265000
14.815000
15.477000
16.541000
18.231000
20.602000
19.705000
18.544000
18.259000
17.232000
17.376000
20.152000
23.049000
24.146000
20.149000
14.859000
10.799000
8.991400
7.845600
7.054400
7.069900
8.203100
11.778000
15.073000
14.978000
14.548000
15.131000
15.942000
17.635000
19.821000
19.203000
18.091000
17.869000
16.992000
17.251000
19.847000
23.027000
24.024000
20.122000
14.641000
10.438000
8.663600
7.123000
6.731800
6.792400
7.469800
11.767000
15.161000
14.903000
14.402000
15.089000
16.079000
17.873000
20.037000
19.485000
18.185000
18.039000
17.134000
17.300000
19.533000
22.610000
23.960000
21.922000
18.323000
16.297000
13.153000
9.790400
9.146100
9.276400
9.377200
9.966500
10.289000
12.104000
14.347000
15.801000
17.131000
19.340000
21.114000
20.870000
19.418000
18.485000
16.101000
16.048000
20.188000
24.044000
24.257000
21.798000
19.981000
15.949000
13.599000
11.697000
11.185000
11.012000
10.850000
9.506200
9.192200
10.581000
13.155000
16.604000
17.739000
18.304000
19.110000
20.691000
19.034000
17.540000
16.809000
17.294000
18.024000
21.079000
24.048000
25.020000
21.908000
17.070000
12.631000
8.834500
7.622300
7.268600
7.283600
8.365300
11.718000
15.326000
15.379000
14.911000
15.539000
16.389000
18.028000
20.157000
19.520000
18.337000
18.315000
19.020000
19.070000
20.327000
23.227000
24.202000
20.161000
14.321000
10.512000
8.866300
7.807700
7.073300
7.209000
8.416900
11.658000
14.724000
14.885000
14.431000
15.197000
16.119000
17.796000
19.865000
19.211000
18.076000
17.950000
18.612000
18.629000
19.763000
22.599000
23.643000
19.628000
14.452000
10.729000
8.996200
7.917500
7.189400
7.266900
8.458200
11.751000
14.885000
15.036000
14.562000
15.269000
16.246000
17.953000
20.016000
19.238000
17.969000
17.852000
18.483000
18.510000
19.686000
22.534000
23.565000
19.788000
14.592000
10.838000
9.055900
7.926900
7.141100
7.205900
8.363800
11.563000
14.641000
14.763000
14.178000
14.899000
15.824000
17.530000
19.568000
18.900000
17.999000
17.995000
18.683000
18.491000
19.561000
22.421000
23.707000
19.886000
14.574000
10.441000
8.602500
7.100000
6.698400
6.774300
7.549800
11.437000
14.393000
14.758000
14.373000
15.110000
16.062000
17.692000
19.876000
19.069000
17.873000
17.703000
18.515000
18.296000
19.085000
21.964000
23.481000
21.512000
20.137000
16.757000
12.992000
10.243000
9.098200
9.179400
9.259500
10.537000
11.568000
14.168000
18.602000
20.408000
22.502000
23.106000
23.408000
22.236000
20.750000
19.941000
21.357000
23.403000
25.436000
26.772000
24.779000
20.269000
17.862000
14.902000
11.632000
9.086600
8.039400
8.241800
8.427000
9.466700
10.148000
12.493000
16.595000
18.676000
20.803000
21.610000
22.140000
20.993000
19.790000
19.073000
20.691000
22.897000
25.472000
27.143000
25.209000
20.329000
16.528000
11.551000
6.372900
6.266500
6.314300
6.555600
6.903200
12.730000
14.940000
14.231000
14.592000
15.494000
18.575000
21.481000
22.023000
20.249000
19.381000
20.160000
22.571000
25.407000
26.883000
29.758000
27.628000
20.471000
14.035000
9.843000
6.852800
6.488600
6.504700
6.993300
7.010400
12.393000
14.715000
13.930000
14.271000
15.147000
18.196000
20.789000
21.420000
19.685000
18.694000
19.300000
21.691000
24.565000
26.144000
28.832000
26.853000
19.745000
13.932000
9.673600
6.743800
6.407000
6.470500
6.934800
6.928000
12.418000
14.747000
14.008000
14.268000
15.090000
18.091000
20.844000
21.493000
19.892000
18.858000
19.520000
21.976000
25.016000
26.505000
29.629000
27.648000
20.220000
14.272000
9.912700
6.868500
6.527600
6.531100
6.997200
7.064300
12.581000
15.022000
14.225000
14.446000
15.254000
18.123000
20.978000
21.629000
19.993000
19.200000
20.059000
22.671000
25.606000
27.117000
30.332000
28.493000
20.928000
14.216000
9.762300
6.607200
6.250400
6.254600
6.823800
6.837700
12.814000
15.225000
14.358000
14.637000
15.409000
18.544000
21.239000
21.789000
20.044000
18.995000
19.616000
22.184000
24.945000
26.236000
29.447000
27.777000
22.856000
19.074000
13.524000
10.128000
9.080500
8.010400
8.198800
7.954400
8.449300
10.488000
13.117000
16.072000
17.749000
18.767000
21.784000
23.808000
22.723000
21.381000
21.665000
24.475000
26.784000
27.453000
27.840000
26.187000
22.431000
19.629000
16.038000
12.288000
9.581100
8.551100
8.704700
8.950800
10.137000
10.742000
13.271000
17.824000
20.095000
22.426000
23.178000
23.645000
22.573000
21.302000
20.518000
22.312000
24.552000
27.253000
29.362000
27.714000
22.205000
17.942000
12.272000
6.686900
6.506800
6.520700
6.800000
7.087700
13.216000
15.738000
14.841000
15.107000
15.930000
18.968000
21.778000
22.503000
20.832000
19.754000
20.888000
23.788000
26.775000
28.557000
32.158000
30.369000
22.177000
14.746000
10.222000
7.099500
6.679300
6.731500
7.245000
7.336400
13.152000
15.785000
15.014000
15.527000
16.519000
19.807000
22.666000
23.207000
21.463000
20.346000
21.328000
23.788000
26.425000
28.050000
31.395000
29.614000
21.599000
15.259000
10.489000
7.218800
6.828400
6.857200
7.411000
7.448500
13.288000
15.881000
14.946000
15.185000
15.870000
18.932000
21.690000
22.191000
20.523000
19.636000
20.508000
23.262000
26.105000
27.853000
31.364000
29.686000
21.716000
15.355000
10.509000
7.225500
6.883400
6.886700
7.488200
7.587500
13.421000
15.835000
14.834000
15.064000
15.888000
18.892000
21.842000
22.677000
21.062000
20.085000
21.059000
23.687000
26.245000
27.713000
31.047000
29.375000
21.624000
14.705000
9.989500
6.740300
6.336300
6.330000
6.880500
6.933300
13.098000
15.651000
14.767000
15.125000
16.014000
19.134000
21.754000
22.359000
20.781000
19.822000
20.642000
23.262000
25.845000
27.102000
30.299000
28.775000
23.703000
19.608000
13.983000
10.518000
9.385600
8.280500
8.510700
8.294800
8.848800
10.937000
13.495000
16.096000
17.511000
18.427000
21.381000
23.526000
22.592000
21.498000
22.211000
25.270000
27.619000
28.286000
28.726000
27.246000
23.469000
20.693000
16.876000
12.829000
9.960100
8.794400
9.091000
9.281300
10.608000
11.041000
13.481000
17.742000
19.704000
21.773000
22.703000
23.492000
22.673000
21.900000
21.540000
23.677000
25.624000
28.579000
30.814000
29.325000
23.607000
19.137000
13.002000
7.010400
6.837200
6.873300
7.117100
7.536300
14.232000
16.901000
15.586000
15.768000
16.607000
19.645000
22.478000
23.157000
21.482000
20.544000
21.494000
24.476000
27.360000
29.112000
32.915000
31.273000
22.890000
15.255000
10.409000
7.197800
6.822300
6.841600
7.432200
7.573700
13.698000
16.412000
15.395000
15.647000
16.404000
19.482000
22.154000
22.949000
21.205000
20.120000
21.298000
24.336000
27.119000
28.859000
32.409000
30.689000
22.221000
15.588000
10.624000
7.278900
6.867700
6.916500
7.439400
7.601100
13.705000
16.244000
15.157000
15.432000
16.172000
19.217000
22.038000
22.659000
20.921000
19.987000
21.163000
24.085000
26.641000
28.202000
31.520000
29.855000
21.790000
15.277000
10.501000
7.247700
6.869900
6.880700
7.425500
7.525300
13.559000
16.049000
15.016000
15.311000
15.993000
18.906000
21.787000
22.583000
20.872000
19.924000
21.053000
23.803000
26.373000
27.815000
31.129000
29.513000
21.627000
14.606000
9.952500
6.673900
6.273100
6.340700
6.829100
6.891500
13.121000
15.721000
14.635000
14.928000
15.648000
18.605000
21.322000
21.985000
20.309000
19.540000
20.426000
23.140000
25.627000
26.905000
30.216000
28.660000
23.619000
19.660000
13.864000
10.374000
9.216700
8.107200
8.356000
8.082000
8.716900
10.940000
13.667000
16.589000
18.141000
18.938000
21.899000
23.915000
22.795000
21.483000
22.137000
24.846000
26.782000
27.300000
27.948000
26.640000
22.859000
20.119000
16.439000
12.593000
9.805100
8.752300
8.930300
9.133200
10.646000
11.321000
13.959000
18.793000
20.938000
22.990000
23.937000
24.411000
23.158000
21.893000
21.511000
23.157000
24.721000
27.466000
29.733000
27.814000
22.249000
17.987000
12.328000
6.660100
6.512900
6.516300
6.792700
7.195200
13.740000
16.286000
15.138000
15.472000
16.314000
19.378000
22.003000
22.754000
21.034000
19.939000
21.152000
23.958000
26.506000
28.013000
31.388000
29.554000
21.745000
14.589000
10.034000
6.894400
6.570400
6.640400
7.173600
7.256600
13.173000
15.675000
14.585000
14.892000
15.725000
18.703000
21.420000
22.192000
20.630000
19.703000
20.817000
23.316000
25.785000
27.392000
30.467000
28.948000
21.237000
14.919000
10.248000
7.012800
6.653100
6.688900
7.220800
7.284500
13.198000
15.783000
14.748000
15.079000
15.858000
18.911000
21.551000
22.121000
20.429000
19.453000
20.426000
23.324000
25.796000
27.348000
30.310000
28.823000
21.000000
14.722000
10.113000
6.944000
6.570300
6.600100
7.103300
7.204300
13.021000
15.640000
14.675000
15.098000
16.049000
19.282000
22.182000
22.724000
21.106000
20.287000
21.616000
24.232000
26.531000
27.943000
31.136000
29.418000
21.476000
14.561000
9.861700
6.615400
6.250900
6.340900
6.803600
6.896800
13.145000
15.659000
14.840000
15.349000
16.269000
19.398000
22.242000
23.052000
21.353000
20.295000
21.395000
23.629000
25.913000
27.177000
30.453000
29.019000
24.089000
19.926000
13.957000
10.386000
9.193400
8.081600
8.243200
8.033400
8.727100
10.890000
13.638000
16.717000
18.534000
19.509000
22.534000
24.572000
23.530000
21.962000
22.617000
25.369000
27.337000
27.864000
28.574000
27.390000
23.405000
20.161000
16.334000
12.376000
9.571900
8.442400
8.669500
8.962600
10.319000
10.872000
13.345000
18.322000
21.031000
23.417000
24.413000
25.036000
23.664000
22.457000
22.086000
23.858000
25.544000
28.236000
30.435000
28.852000
23.338000
18.848000
13.108000
7.187800
6.991000
7.142800
7.524300
8.044900
15.450000
17.891000
16.240000
16.122000
16.820000
19.921000
23.192000
24.032000
22.471000
21.536000
22.530000
25.291000
28.380000
29.892000
33.426000
31.185000
22.700000
15.628000
10.951000
7.628000
7.279700
7.374500
8.072700
8.217500
15.124000
17.773000
16.325000
16.170000
16.809000
20.088000
23.062000
23.820000
22.414000
21.432000
22.597000
25.514000
28.475000
30.250000
34.276000
32.320000
23.022000
16.092000
11.172000
7.735400
7.342500
7.503900
8.187400
8.368400
15.344000
17.921000
16.454000
16.486000
17.283000
20.739000
24.042000
24.736000
23.128000
22.134000
23.010000
25.512000
28.408000
30.175000
34.063000
32.330000
23.139000
15.848000
10.978000
7.618800
7.259500
7.352000
8.057500
8.320700
15.322000
18.012000
16.547000
16.578000
17.405000
20.720000
23.946000
24.819000
23.273000
22.471000
23.445000
26.168000
29.043000
30.763000
34.742000
32.792000
23.545000
15.944000
10.969000
7.438500
7.132800
7.203000
7.880100
8.059600
15.812000
18.752000
17.359000
17.250000
17.945000
21.195000
24.315000
25.171000
23.586000
22.690000
23.587000
26.572000
29.381000
30.848000
34.535000
32.658000
26.851000
24.093000
19.502000
15.000000
11.809000
10.641000
10.924000
11.097000
13.048000
14.163000
17.670000
22.974000
24.771000
26.862000
27.613000
28.271000
27.147000
25.463000
24.404000
26.250000
28.374000
31.446000
33.638000
31.756000
25.393000
22.618000
18.566000
14.267000
11.102000
9.945400
10.296000
10.573000
12.123000
12.764000
15.946000
21.042000
22.802000
24.757000
25.593000
26.312000
25.491000
23.990000
22.847000
24.734000
27.102000
29.927000
32.453000
31.029000
24.781000
21.565000
17.464000
13.463000
10.666000
9.571900
10.102000
10.621000
12.509000
13.254000
16.588000
21.943000
23.830000
25.676000
26.428000
27.378000
26.427000
24.773000
23.948000
26.161000
29.084000
32.553000
34.850000
32.741000
25.408000
15.093000
10.472000
7.290900
6.931900
7.060600
7.831700
8.252600
15.591000
18.625000
17.412000
17.562000
18.412000
22.037000
25.376000
26.260000
24.741000
23.891000
24.994000
27.961000
31.148000
33.020000
37.246000
35.137000
25.133000
17.220000
11.842000
8.191300
7.803400
7.929500
8.635700
8.817800
16.413000
19.567000
17.903000
17.788000
18.517000
22.004000
25.239000
26.039000
24.315000
23.139000
24.353000
27.816000
31.144000
33.215000
37.480000
35.633000
25.329000
17.191000
11.867000
8.212800
7.811800
7.909400
8.613500
8.885500
16.517000
19.359000
17.810000
17.685000
18.340000
21.701000
24.899000
25.747000
24.004000
22.985000
24.187000
27.562000
30.900000
33.023000
37.311000
35.475000
25.342000
17.200000
11.800000
7.916900
7.519600
7.597800
8.304400
8.609300
17.097000
20.305000
18.749000
18.589000
19.244000
22.531000
25.627000
26.278000
24.720000
23.758000
24.952000
28.182000
31.247000
32.725000
36.456000
34.436000
28.045000
22.853000
16.188000
12.181000
10.745000
9.473800
9.747100
9.438300
10.361000
12.957000
16.258000
19.621000
21.567000
22.558000
26.029000
28.171000
27.029000
25.321000
25.905000
28.957000
31.585000
32.113000
32.787000
30.906000
25.963000
22.734000
18.435000
14.117000
11.070000
9.910200
10.169000
10.524000
12.125000
13.043000
16.084000
21.727000
24.303000
26.906000
28.203000
29.063000
27.840000
26.121000
24.896000
26.213000
28.647000
32.127000
34.770000
32.517000
25.486000
20.182000
13.830000
7.541000
7.410300
7.516800
7.897900
8.463300
16.613000
19.766000
18.121000
18.130000
18.963000
22.438000
25.735000
26.475000
24.783000
23.782000
24.771000
27.493000
30.579000
32.514000
36.436000
34.574000
24.925000
16.764000
11.577000
8.007500
7.635400
7.725000
8.405700
8.662200
16.089000
19.208000
17.651000
17.724000
18.559000
22.075000
25.386000
26.284000
24.661000
23.619000
24.534000
27.388000
30.544000
32.540000
36.718000
34.879000
24.809000
16.970000
11.614000
8.058900
7.679500
7.795800
8.479200
8.717100
16.135000
19.186000
17.537000
17.534000
18.228000
21.767000
25.005000
25.760000
24.070000
23.076000
24.107000
26.865000
30.040000
31.969000
36.326000
34.721000
24.809000
17.010000
11.731000
8.095500
7.684000
7.732100
8.402000
8.529300
15.853000
18.963000
17.295000
17.179000
17.819000
21.119000
24.128000
24.781000
23.201000
22.321000
23.223000
26.377000
29.622000
31.404000
35.735000
34.174000
24.634000
16.720000
11.350000
7.636500
7.234800
7.303900
7.988700
8.224200
16.164000
19.547000
17.932000
17.736000
18.184000
21.347000
24.156000
24.879000
23.254000
22.300000
23.431000
26.518000
29.654000
31.044000
34.535000
33.002000
26.921000
21.931000
15.418000
11.606000
10.218000
9.022200
9.325800
9.129600
9.955200
12.482000
15.737000
18.921000
20.485000
21.245000
24.325000
26.430000
25.290000
23.640000
24.166000
27.549000
30.381000
31.147000
31.722000
29.920000
25.464000
22.339000
18.102000
13.885000
10.839000
9.644700
9.975700
10.340000
11.936000
12.767000
15.695000
20.981000
22.891000
24.594000
25.256000
26.001000
25.012000
23.572000
22.649000
24.787000
27.266000
30.675000
33.307000
31.804000
24.876000
19.603000
13.533000
7.307400
7.158200
7.272500
7.622500
8.049000
15.284000
18.201000
17.301000
17.344000
17.860000
20.790000
23.687000
24.284000
22.251000
21.249000
22.143000
25.151000
28.249000
29.940000
33.990000
32.596000
23.799000
15.953000
10.880000
7.425500
7.018400
7.124900
7.772600
7.840400
14.160000
17.237000
16.613000
16.894000
17.476000
20.417000
23.255000
23.975000
22.137000
21.222000
22.093000
24.844000
27.755000
29.248000
33.379000
32.321000
23.458000
16.266000
10.914000
7.345700
6.836600
6.863900
7.342000
7.133200
12.284000
14.622000
14.674000
15.285000
15.878000
18.237000
20.622000
21.037000
19.079000
18.085000
18.848000
22.027000
24.667000
24.712000
26.275000
24.575000
19.165000
20.303000
17.187000
13.047000
9.859900
8.602700
8.811100
9.003700
10.254000
10.607000
12.758000
17.262000
19.682000
21.896000
22.348000
22.207000
20.466000
19.282000
18.782000
20.969000
23.545000
26.483000
29.100000
28.370000
22.732000
13.432000
9.053700
6.015800
5.627100
5.684600
6.219900
6.146700
11.286000
13.476000
13.596000
14.418000
15.244000
17.791000
20.652000
21.584000
19.533000
18.535000
19.433000
22.366000
25.489000
26.927000
30.778000
29.774000
24.599000
19.519000
13.597000