9.966
10.010
9.742
9.420
9.258
8.929
8.906
9.195
9.342
9.656
9.967
10.177
10.093
10.023
10.036
10.126
10.460
10.982
11.392
12.374
13.157
13.116
12.821
12.176
11.483
10.793
10.497
10.334
10.249
10.306
10.929
12.047
13.088
13.730
14.291
14.802
14.152
14.290
14.643
14.573
14.390
13.948
13.349
13.985
14.425
14.182
13.641
12.805
11.972
11.374
10.902
10.664
10.602
10.786
11.443
12.675
13.487
13.815
14.310
14.616
14.282
14.580
14.979
15.085
15.102
14.777
14.094
14.746
15.238
15.008
14.545
13.561
12.604
11.897
11.429
11.198
11.133
11.267
11.964
13.233
14.109
14.284
14.541
15.057
14.850
15.562
15.729
15.492
15.477
15.036
14.409
15.014
15.508
15.295
14.745
13.855
12.649
11.997
11.495
11.161
11.067
11.176
11.775
13.035
13.930
14.266
14.553
14.825
14.864
15.598
15.893
15.617
15.283
14.852
14.169
14.723
15.219
15.012
14.544
13.817
13.012
12.263
11.652
11.283
11.174
10.991
11.298
11.920
12.290
12.547
12.799
13.150
13.218
13.512
13.575
13.424
13.408
13.824
14.263
14.887
15.468
14.984
14.396
13.770
13.097
12.418
11.841
11.404
11.120
10.792
10.854
11.309
11.431
11.664
11.842
12.195
12.691
13.037
13.272
13.283
13.237
13.728
14.002
14.602
15.385
15.376
15.154
14.567
13.841
13.221
12.795
12.436
12.259
12.330
13.200
14.934
16.516
17.238
17.852
18.103
17.650
18.630
18.884
18.752
18.574
17.883
16.636
17.246
18.173
18.094
17.534
16.500
15.436
14.590
13.953
13.562
13.388
13.371
13.903
15.568
17.051
17.481
17.738
18.076
17.773
19.249
19.818
19.481
18.898
17.668
16.232
16.566
16.786
16.674
16.125
15.261
14.379
13.661
13.109
12.799
12.698
12.794
13.451
15.165
16.601
17.148
17.775
18.159
17.610
18.602
19.007
18.848
18.701
17.873
16.676
17.323
18.124
18.194
17.849
16.893
15.730
14.950
14.268
13.855
13.664
13.598
13.875
15.467
17.161
17.825
18.294
18.276
17.153
17.793
18.269
17.962
17.817
17.086
15.897
16.418
16.674
16.553
16.093
15.263
14.359
13.509
12.830
12.510
12.397
12.635
13.296
14.872
15.996
16.291
16.640
16.725
15.769
16.519
16.884
16.860
16.602
15.924
15.199
15.681
15.975
15.784
15.255
14.451
13.501
12.705
12.057
11.735
11.576
11.516
11.744
12.450
12.891
13.014
13.091
13.269
13.122
13.312
13.273
13.128
13.132
13.459
13.859
14.395
14.848
14.280
13.657
12.968
12.115
11.319
10.637
10.295
10.189
9.936
9.888
10.225
10.762
11.169
11.618
12.115
12.155
12.431
12.689
12.866
13.161
13.577
13.911
14.535
15.038
14.913
14.638
14.035
13.299
12.628
12.161
11.908
11.888
12.207
13.014
15.028
16.742
17.181
17.508
17.682
17.124
18.099
18.735
18.678
18.714
17.822
16.341
16.818
17.621
17.725
17.203
16.163
15.114
14.259
13.560
13.132
13.025
13.216
14.053
15.769
17.151
17.659
18.439
18.895
18.167
19.466
20.111
19.954
19.590
18.406
17.002
17.672
18.190
17.916
16.239
15.026
14.164
13.422
12.923
12.606
12.510
12.608
13.075
14.674
16.218
16.894
17.394
17.344
15.928
16.523
17.008
16.720
16.466
15.643
14.711
15.405
15.727
15.595
15.102
14.306
13.366
12.625
12.165
11.976
11.977
12.323
12.889
14.500
16.149
16.825
17.335
17.319
16.407
17.492
17.804
17.497
17.214
16.280
15.185
15.624
15.988
15.942
15.499
14.650
13.735
12.987
12.431
12.182
12.124
12.472
13.192
14.882
16.441
17.120
17.660
17.774
17.206
18.135
18.630
18.472
18.038
16.910
15.697
16.141
16.739
16.714
16.307
15.517
14.528
13.683
13.114
12.674
12.406
12.268
12.239
12.868
13.579
13.917
14.085
13.994
13.473
13.466
13.604
13.699
13.403
13.339
13.472
13.997
14.401
13.845
13.083
12.401
11.672
11.107
10.638
10.229
10.024
9.830
9.553
9.831
9.974
10.178
10.672
11.174
10.949
10.964
10.903
10.867
11.126
11.526
12.079
12.920
13.595
13.410
12.993
12.316
11.733
11.246
10.847
10.668
10.720
11.112
11.897
13.614
15.095
15.559
15.958
16.054
14.920
15.548
15.992
15.996
15.789
15.137
14.173
14.799
15.023
14.699
13.939
12.839
11.977
11.405
10.931
10.728
10.794
11.233
12.042
13.527
14.484
14.862
15.184
15.350
14.421
15.215
15.723
15.650
15.448
14.813
13.999
14.629
14.877
14.582
13.838
12.736
11.876
11.270
10.887
10.699
10.758
11.204
12.048
13.575
14.446
14.578
14.975
15.232
14.544
15.230
15.408
15.377
15.393
14.805
14.109
14.700
14.895
14.458
13.680
12.606
11.698
11.110
10.637
10.436
10.523
10.950
11.929
13.615
14.403
14.471
14.952
15.100
14.110
14.785
15.395
15.457
15.378
14.704
14.028
14.741
15.006
14.595
13.802
12.711
11.784
11.036
10.604
10.464
10.543
11.018
11.992
13.561
14.389
14.580
15.160
15.424
14.660
15.200
15.560
15.468
15.176
14.536
13.973
14.582
14.674
14.268
13.642
12.717
11.750
11.033
10.620
10.361
10.231
10.296
10.561
11.550
12.141
12.387
12.834
13.206
12.972
12.909
12.628
12.264
12.220
12.490
12.887
13.614
13.690
12.886
12.144
11.382
10.580
9.910
9.453
9.215
9.037
8.955
8.947
9.540
9.930
10.083
10.593
11.199
11.047
10.910
10.934
10.945
11.082
11.386
11.887
12.696
13.289
12.912
12.386
11.662
10.946
10.407
10.116
10.007
10.067
10.608
11.578
13.341
14.490
14.912
15.460
15.936
15.329
16.239
16.613
16.376
16.392
15.646
14.607
15.272
15.914
15.733
15.083
13.994
12.865
12.093
11.577
11.328
11.356
11.759
12.594
14.413
15.802
16.352
16.941
17.206
16.508
17.502
17.881
17.744
17.547
16.705
15.493
16.083
16.696
16.598
16.083
14.959
13.906
13.037
12.376
12.065
11.962
12.326
13.149
14.929
16.287
16.822
17.423
17.763
17.031
18.138
18.538
18.322
18.098
17.168
15.908
16.465
17.043
17.104
16.578
15.459
14.678
13.801
13.212
12.898
12.801
13.133
13.900
15.721
17.159
17.756
18.387
18.678
17.999
19.098
19.488
19.296
19.099
18.064
16.550
16.986
17.480
17.520
17.074
16.109
14.978
14.022
13.396
13.062
12.966
13.280
13.973
15.646
16.887
17.345
17.874
18.073
17.231
18.464
18.810
18.517
18.232
17.286
16.095
16.569
16.869
16.842
16.459
15.609
14.587
13.737
13.087
12.680
12.476
12.456
12.566
13.532
14.173
14.514
14.859
15.180
15.139
15.466
15.558
15.360
15.246
15.349
15.463
16.144
16.522
16.047
15.496
14.853
14.110
13.405
12.834
12.378
12.093
11.892
11.732
12.230
12.643
13.074
13.491
13.857
14.104
14.460
14.494
14.385
14.326
14.458
14.720
15.584
16.034
15.906
15.481
14.705
14.042
13.498
13.021
12.834
12.771
13.227
14.091
16.032
17.815
18.537
19.184
19.657
19.073
20.292
20.669
20.497
20.303
18.965
17.154
17.915
18.622
18.858
18.381
17.284
16.170
15.189
14.521
14.148
14.036
14.401
14.993
16.837
18.442
18.920
19.600
19.951
19.350
20.550
20.942
20.716
20.394
19.121
17.522
18.288
18.900
19.164
18.755
17.584
16.404
15.494
14.759
14.388
14.262
14.645
15.329
17.102
18.836
19.514
20.230
20.470
19.636
20.995
21.612
21.251
20.873
19.623
17.912
18.471
18.790
18.962
18.538
17.493
16.014
15.159
14.489
14.175
14.064
14.396
15.039
16.875
18.565
19.081
16.594
19.968
19.329
20.675
21.338
21.261
20.994
19.657
17.854
18.467
18.993
19.245
18.878
17.834
16.671
15.786
15.081
14.677
14.516
14.875
15.476
17.315
19.082
19.679
20.255
20.484
19.814
21.142
21.474
20.918
20.454
19.195
17.558
18.212
18.516
18.672
18.322
17.434
16.422
15.579
14.906
14.439
14.146
13.973
13.862
14.703
15.418
15.766
16.043
16.447
16.385
16.643
16.566
16.115
16.024
15.959
16.025
16.790
16.971
16.548
16.008
15.338
14.763
14.142
13.618
13.046
12.789
12.584
12.260
12.899
13.308
13.437
13.775
14.177
14.318
14.843
15.056
14.711
14.469
14.729
15.024
16.138
16.705
16.826
16.671
16.104
15.388
14.788
14.339
14.054
13.913
14.107
14.422
16.049
17.426
17.861
18.467
18.776
18.450
19.301
19.483
19.256
19.003
18.329
17.122
18.083
18.669
18.715
18.304
17.482
16.569
15.822
15.237
14.882
14.613
14.733
14.872
16.190
17.494
17.993
18.349
18.440
17.394
17.301
17.367
17.106
16.707
16.122
15.579
16.404
16.494
16.398
15.939
15.116
14.257
13.582
13.056
12.815
12.778
13.139
13.774
15.287
16.711
17.027
17.302
17.111
15.817
16.518
16.900
16.953
16.890
16.130
15.212
15.806
15.772
15.630
15.060
14.030
13.100
12.409
11.971
11.723
11.733
12.296
13.249
14.688
16.123
16.677
17.098
17.084
16.003
16.852
17.342
17.293
17.080
16.098
15.150
15.952
15.877
15.656
15.033
14.051
13.060
12.270
11.825
11.677
11.718
12.247
13.231
14.739
16.082
16.544
17.093
16.950
15.730
16.301
16.460
16.151
15.908
15.362
14.863
15.629
15.376
15.068
14.475
13.621
12.698
12.039
11.499
11.242
11.142
11.267
11.401
12.215
12.967
13.381
13.723
14.131
13.968
13.845
13.739
13.727
13.537
13.542
13.825
14.708
14.692
14.033
13.291
12.574
11.848
11.255
10.770
10.412
10.192
10.009
9.824
10.462
10.931
11.282
11.710
12.266
12.159
12.139
12.243
12.173
12.416
12.831
13.297
14.356
14.799
14.565
14.199
13.366
12.590
12.114
11.787
11.599
11.624
12.323
13.328
15.034
16.701
17.325
17.892
18.191
17.379
18.025
18.348
18.222
18.211
16.917
15.683
16.543
16.494
16.263
15.483
14.346
13.318
12.620
12.097
11.852
11.872
12.437
13.389
14.877
16.025
16.259
16.854
17.126
15.979
16.750
17.488
17.593
17.397
16.347
15.305
16.241
16.227
15.953
15.206
14.076
13.024
12.315
11.838
11.604
11.628
12.159
13.164
14.693
15.900
16.148
16.799
17.021
16.161
17.188
17.733
17.596
17.437
16.555
15.621
16.621
16.690
16.474
15.763
14.564
13.254
12.520
12.013
11.766
11.777
12.288
13.250
14.834
16.196
16.607
17.365
17.720
16.687
17.912
18.593
18.509
18.273
17.231
16.078
17.150
17.279
17.245
16.664
15.612
14.516
13.699
13.067
12.794
12.701
13.173
14.056
15.755
17.487
17.991
18.766
19.000
18.071
19.073
19.986
19.749
19.307
18.117
16.942
17.829
17.816
17.776
17.311
16.446
15.293
14.418
13.737
13.303
13.056
12.999
12.980
13.931
14.804
15.209
15.783
16.079
15.625
15.854
16.085
15.953
15.589
15.384
15.364
16.213
16.095
15.552
14.979
14.330
13.576
12.949
12.384
11.955
11.622
11.457
11.204
11.701
12.196
12.322
12.799
13.183
12.877
12.626
12.644
12.965
13.124
13.421
13.841
14.742
14.988
14.830
14.487
13.741
13.048
12.520
12.179
12.065
12.101
12.643
13.593
15.202
16.878
17.262
17.616
17.605
16.381
17.078
17.785
17.754
17.542
16.856
16.042
17.016
16.928
16.734
15.980
14.903
13.907
13.134
12.704
12.496
12.435
12.915
13.894
15.448
16.991
17.309
17.463
17.455
16.406
17.478
18.008
18.219
18.317
17.292
16.315
17.196
17.020
16.909
16.192
15.112
14.124
13.258
12.692
12.379
12.316
12.808
13.654
15.212
16.865
17.622
18.431
18.653
17.605
18.385
19.080
19.022
18.784
17.680
16.595
17.574
17.406
17.274
16.632
15.521
14.679
13.858
13.293
12.958
12.845
13.275
14.109
15.500
17.105
17.653
18.309
18.420
17.247
18.008
18.443
18.323
18.307
17.357
16.379
17.291
17.174
17.079
16.445
15.385
14.327
13.540
13.014
12.687
12.643
13.078
13.924
15.366
16.938
17.281
17.826
18.124
17.201
18.066
18.502
18.108
17.714
16.907
16.168
17.180
16.998
16.885
16.376
15.513
14.504
13.727
13.340
12.638
12.394
12.387
12.429
13.176
13.781
14.038
14.311
14.617
14.493
14.717
14.817
14.613
14.560
14.834
15.216
16.322
16.100
15.599
15.009
14.343
13.557
12.838
12.226
11.813
11.511
11.269
10.978
11.360
11.739
12.089
12.602
13.091
12.885
13.003
13.128
13.096
13.151
13.493
14.039
15.222
15.345
15.229
14.827
14.066
13.371
12.777
12.312
12.135
12.154
12.717
13.665
15.222
16.991
17.552
18.024
18.263
17.202
17.992
18.289
18.036
17.660
16.567
15.776
16.459
16.145
15.827
15.115
14.050
13.109
12.463
11.958
11.683
11.680
12.269
13.189
14.333
15.394
15.614
16.045
16.273
15.225
15.912
16.148
16.286
16.307
15.597
15.017
16.008
15.643
15.294
14.539
13.377
12.461
11.715
11.288
11.130
11.182
11.780
12.881
14.240
15.379
15.724
16.188
16.457
15.598
16.181
16.536
16.653
16.613
15.758
15.209
16.251
15.922
15.591
14.813
13.683
12.639
11.938
11.525
11.371
11.424
12.031
13.161
14.618
15.784
16.079
16.620
16.943
15.990
16.830
17.449
17.425
17.399
16.655
16.057
16.831
16.406
16.117
15.437
14.367
13.456
12.721
12.267
12.039
12.028
12.614
13.663
15.045
16.692
17.413
17.819
17.866
16.453
16.663
17.102
16.977
16.470
15.652
15.246
15.902
15.326
14.996
14.364
13.517
12.671
12.016
11.555
11.299
11.151
11.241
11.473
12.293
13.178
13.710
14.234
14.415
13.756
13.443
13.449
13.340
13.180
13.498
14.224
15.160
14.504
13.855
13.195
12.527
11.788
11.184
10.697
10.277
9.979
10.093
9.805
10.019
10.468
10.700
11.114
11.746
11.775
11.793
11.799
11.873
12.093
12.555
13.377
14.683
14.663
14.411
13.979
13.185
12.449
11.828
11.411
11.215
11.217
11.769
12.758
14.347
15.660
16.036
16.700
17.022
16.101
17.050
17.607
17.603
17.668
16.872
15.962
17.152
16.943
16.699
15.984
14.842
13.838
13.039
12.450
12.188
12.095
12.567
13.446
14.916
16.159
16.490
17.081
17.480
16.747
17.908
18.580
18.500
18.547
17.613
16.660
17.812
17.631
17.396
16.643
15.468
14.469
13.595
13.003
12.711
12.632
13.160
14.077
15.539
16.889
17.203
17.862
18.326
17.579
18.888
19.633
19.652
19.520
18.505
17.461
18.610
18.356
18.172
17.580
16.407
15.221
14.327
13.689
13.370
13.272
13.676
14.531
15.982
17.474
17.968
18.677
19.144
18.524
19.772
20.442
20.402
20.310
19.356
18.340
19.543
19.394
19.203
18.528
17.343
16.187
15.265
14.609
14.263
14.065
14.348
15.092
16.623
18.482
19.138
19.852
20.108
18.983
20.026
20.423
20.087
19.495
18.156
17.412
18.106
17.666
17.429
16.950
16.082
15.164
14.379
13.769
13.419
13.160
13.131
13.247
13.947
14.823
15.301
15.819
16.346
16.286
16.249
16.008
15.660
15.355
15.209
15.668
16.280
15.754
15.182
14.574
13.886
13.186
12.558
12.074
11.695
11.375
11.209
10.965
11.308
12.031
12.443
12.807
12.935
12.648
12.342
12.138
11.949
12.105
12.550
13.502
14.521
14.362
14.101
13.688
13.015
12.417
11.986
11.676
11.478
11.545
12.122
13.141
14.710
16.283
16.775
17.031
16.841
15.696
17.064
18.130
18.314
18.518
17.923
17.338
18.301
18.003
17.725
17.066
15.957
14.936
14.165
13.518
13.174
13.089
13.461
14.211
15.850
17.613
18.079
18.566
19.106
18.399
18.710
18.904
18.726
18.387
17.560
17.021
17.855
17.499
17.273
16.587
15.496
14.523
13.698
13.194
12.891
12.806
13.218
14.124
15.653
17.193
17.587
18.156
18.531
17.779
19.092
19.688
19.644
19.653
18.980
18.298
19.401
19.168
19.001
18.358
17.242
16.067
15.179
14.438
13.976
13.657
13.321
13.871
15.273
16.849
17.259
17.877
17.734
16.329
16.515
16.487
16.346
16.351
15.550
15.196
15.825
15.359
15.029
14.369
13.377
12.495
11.816
11.436
11.277
11.341
11.860
12.848
14.223
15.375
15.419
15.835
15.825
14.681
15.350
15.714
15.735
15.515
15.005
14.930
15.490
14.750
14.243
13.599
12.730
11.884
11.194
10.780
10.543
10.435
10.573
10.887
11.655
12.325
12.414
12.556
12.720
12.095
11.804
11.699
11.717
12.068
12.578
13.600
14.136
13.330
12.512
11.685
10.894
10.137
9.586
9.297
9.047
8.886
8.921
9.042
9.581
10.040
10.253
10.659
11.036
10.880
10.675
10.510
10.543
10.864
11.720
12.917
13.901
13.548
13.115
12.462
11.675
11.050
10.635
10.418
10.366
10.485
11.116
12.416
13.972
15.269
15.589
15.975
16.343
15.484
16.197
16.691
16.673
16.730
16.105
15.807
16.737
16.207
15.819
14.969
13.897
12.958
12.231
11.760
11.561
11.619
12.211
13.302
14.650
15.716
15.906
16.372
16.585
15.564
16.330
16.825
16.919
17.248
16.702
16.134
16.831
16.343
15.847
14.983
13.836
12.813
12.115
11.657
11.476
11.553
12.214
13.411
14.826
15.813
15.832
16.021
16.117
15.298
16.411
16.972
17.085
17.208
16.592
16.347
17.080
16.461
16.090
15.387
14.316
13.258
12.495
12.095
11.927
11.987
12.550
13.609
15.057
16.217
16.419
16.692
16.858
16.145
17.234
17.832
17.695
17.612
17.176
16.889
17.093
16.348
16.193
15.585
14.603
13.769
12.044
11.912
11.531
11.228
10.967
10.770
10.920
11.222
11.344
11.524
11.798
11.778
11.757
11.906
12.075
12.379
12.730
13.513
14.052
13.599
13.222
12.768
12.052
11.306
10.737
10.386
10.119
10.064
10.226
10.434
11.220
11.860
12.111
12.295
12.635
12.526
12.560
12.704
12.782
13.031
13.683
14.716
15.278
14.527
13.929
13.349
12.661
11.862
11.219
10.788
10.439
10.203
10.126
9.962
10.332
10.760
10.946
11.173
11.310
11.033
11.066
11.317
11.680
12.199
12.929
14.148
14.969
14.842
14.516
13.942
13.140
12.494
11.956
11.675
11.505
11.565
12.267
13.472
14.837
16.366
16.976
17.645
17.907
16.950
17.911
18.292
18.280
18.224
17.244
16.994
17.515
16.964
16.583
15.833
14.861
13.936
12.963
12.523
12.331
12.347
12.881
14.006
15.380
16.677
17.054
17.546
17.666
16.641
17.387
18.094
18.001
17.867
17.051
16.755
16.993
16.423
16.152
15.770
14.656
13.555
12.807
12.357
12.198
12.159
12.743
13.855
15.247
16.487
16.753
17.185
17.435
16.621
17.765
18.431
18.621
18.195
17.189
16.366
17.109
16.556
16.852
16.221
15.157
13.906
13.163
12.673
12.386
12.294
12.788
13.854
15.360
16.970
17.538
18.235
18.349
17.175
18.331
18.967
18.883
17.906
16.617
16.319
16.626
15.891
15.431
14.788
14.735
14.355
13.490
12.673
12.398
12.371
12.924
14.015
15.620
17.112
17.630
17.921
17.740
16.624
17.500
17.886
16.687
15.864
14.847
15.034
15.268
14.368
13.900
13.158
12.365
13.443
12.709
12.188
11.841
11.740
11.786
12.057
12.717
13.280
13.332
13.393
13.439
13.008
13.024
13.214
13.219
13.348
13.738
14.834
14.968
14.118
13.483
12.770
12.031
10.991
10.418
9.979
9.686
9.610
9.537
9.511
9.775
10.308
10.806
11.630
12.239
12.119
11.630
11.374
10.873
10.940
11.594
13.020
13.243
12.843
12.377
11.861
11.238
10.660
10.346
10.150
10.160
10.342
11.062
12.623
14.067
15.294
15.668
16.174
16.393
15.373
16.097
16.666
16.547
16.549
16.078
16.314
16.634
15.960
15.480
14.678
13.534
12.444
11.724
11.292
11.139
11.188
11.857
13.073
14.438
15.595
15.905
16.458
16.702
15.629
16.461
17.366
17.541
17.623
16.846
16.925
17.282
16.677
16.314
15.544
14.301
13.328
12.528
12.052
11.917
11.992
12.583
13.748
15.122
16.410
16.744
17.246
17.652
16.450
17.326
17.887
17.953
17.752
16.829
16.944
16.967
16.312
15.895
15.216
14.156
13.028
12.316
11.848
11.649
11.744
12.351
13.460
14.765
16.233
16.703
17.089
17.055
15.671
16.321
16.709
16.545
16.452
15.909
16.166
16.114
15.471
15.046
14.302
13.193
12.322
11.670
11.270
11.123
11.200
11.859
13.095
14.379
15.470
15.659
16.040
15.988
14.701
15.338
15.858
15.907
15.964
15.702
16.071
16.020
15.198
14.775
14.115
13.175
12.311
11.624
11.091
10.818
10.709
10.865
11.277
11.850
12.600
13.025
13.208
13.291
12.942
12.841
12.673
12.563
12.751
13.301
14.415
14.012
13.263
12.652
11.939
11.190
10.420
9.821
9.393
9.124
8.943
8.937
9.084
9.380
9.998
10.653
11.296
11.724
11.272
10.836
10.698
10.669
10.805
11.508
12.967
12.923
12.445
12.059
11.497
10.781
10.232
9.841
9.637
9.625
9.766
10.480
11.917
13.140
14.548
15.080
15.546
15.664
14.521
15.385
16.084
16.175
16.068
15.477
15.675
15.572
14.948
14.440
13.554
12.490
11.509
10.854
10.475
10.330
10.444
11.094
12.484
13.867
15.280
15.840
16.508
16.652
15.400
15.716
15.997
15.862
15.782
15.263
15.545
15.340
14.628
14.086
13.102
11.911
11.028
10.382
9.908
9.797
9.885
10.479
11.849
13.172
14.270
14.315
14.451
14.364
13.045
13.416
13.724
13.583
13.916
13.902
14.570
14.711
13.917
13.394
12.551
11.323
10.363
9.733
9.358
9.256
9.319
9.970
11.359
12.730
13.448
13.341
13.545
13.651
12.538
13.043
13.397
13.589
13.909
13.915
14.825
14.871
14.013
13.436
12.489
11.302
10.492
9.901
9.573
9.465
9.560
10.230
11.585
12.958
13.674
13.556
13.888
14.018
12.876
13.236
13.664
13.717
13.895
13.975
14.884
14.720
13.738
13.202
12.444
11.440
10.512
9.849
9.452
9.281
9.213
9.414
9.926
10.754
11.268
11.262
11.374
11.523
11.138
10.888
10.784
10.838
11.250
12.040
13.599
13.300
12.302
11.503
10.650
9.816
9.065
8.527
8.179
8.021
7.933
8.024
8.117
8.528
8.955
9.212
9.627
9.947
9.643
9.287
9.230
9.430
9.970
10.916
12.879
12.922
12.357
11.785
11.062
10.264
9.658
9.301
9.144
9.132
9.287
10.055
11.506
12.917
14.014
14.495
15.265
15.633
14.537
15.252
15.705
15.724
15.604
15.116
15.642
15.387
14.709
14.169
13.401
12.234
11.296
10.653
10.289
10.156
10.289
10.963
12.347
13.683
14.773
15.094
15.717
16.007
15.221
16.113
16.834
16.698
16.456
15.731
16.237
15.958
15.156
14.706
13.859
12.656
11.741
11.065
10.591
10.417
10.421
11.045
12.414
13.827
15.123
15.462
15.986
16.117
15.029
15.667
16.064
16.104
16.023
15.383
15.906
15.510
14.790
14.250
13.438
12.262
11.298
10.666
10.292
10.141
10.205
10.861
12.285
13.715
14.813
15.023
15.152
14.953
13.681
14.421
15.069
15.187
15.353
15.129
15.691
15.331
14.595
14.111
13.289
12.161
11.190
10.565
10.177
10.100
10.121
10.901
12.370
13.666
14.712
14.906
15.245
15.392
14.205
14.829
15.282
15.501
15.547
15.285
15.909
15.604
14.771
14.327
13.706
12.781
12.058
11.598
11.192
10.998
10.912
11.025
11.528
12.277
13.186
13.603
13.990
14.097
13.731
13.526
13.417
13.396
13.351
13.931
15.283
14.902
14.051
13.259
12.461
11.746
10.967
10.416
10.005
9.715
9.545
9.450
9.621
9.972
10.703
11.380
11.954
12.345
11.829
11.344
10.976
10.849
11.207
12.137
13.491
13.286
12.863
12.415
11.846
11.089
10.409
9.983
9.748
9.712
9.861
10.545
11.962
13.260
14.633
15.027
15.468
15.813
14.970
15.657
16.169
16.153
16.225
15.892
16.191
15.828
15.236
14.824
14.077
12.969
11.995
11.309
10.919
10.700
10.760
11.511
12.761
14.081
15.406
15.901
16.504
16.430
15.376
16.205
16.695
16.679
16.528
16.000
16.145
15.821
15.128
14.742
14.054
13.054
11.994
11.311
10.786
10.512
10.338
10.312
10.488
10.890
11.552
12.056
12.650
13.077
12.847
12.838
12.842
12.801
12.939
13.492
14.738
14.632
14.180
13.816
13.171
12.215
11.499
10.973
10.615
10.525
10.519
11.190
12.369
13.784
15.310
15.926
16.446
16.631
15.673
16.088
16.430
16.271
16.010
15.692
15.774
15.419
14.867
14.443
13.640
12.583
11.613
10.962
10.548
10.358
10.301
10.769
11.862
12.980
14.090
14.407
14.858
14.960
14.071
14.422
14.714
14.611
14.554
14.503
14.874
14.498
13.845
13.437
12.780
11.858
11.064
10.423
9.959
9.784
9.671
9.769
10.156
10.679
11.419
11.886
12.157
12.318
12.026
11.825
11.792
11.736
11.951
12.726
13.997
13.457
12.785
12.156
11.467
10.698
9.992
9.483
9.072
8.806
8.652
8.556
8.595
8.726
9.231
9.516
9.769
10.030
9.842
9.700
9.830
10.135
10.670
11.659
13.464
13.344
12.855
12.498
11.962
11.227
10.530
10.012
9.725
9.658
9.788
10.296
11.666
12.927
14.130
14.454
14.898
15.127
14.240
15.054
15.652
15.795
15.989
15.488
15.840
15.535
14.982
14.595
13.877
12.858
11.879
11.204
10.778
10.608
10.653
11.192
12.337
13.569
14.739
14.987
15.425
15.637
14.741
15.638
16.353
16.526
16.612
16.052
16.470
16.180
15.634
15.368
14.697
13.630
12.624
11.864
11.397
11.190
11.178
11.713
12.836
14.008
15.216
15.573
16.185
16.382
15.434
16.222
16.682
16.628
16.677
16.202
16.446
15.995
15.413
15.070
14.372
13.318
12.301
11.537
11.008
10.801
10.828
11.332
12.356
13.469
14.527
14.875
15.337
15.386
13.982
14.415
14.697
14.852
14.996
14.844
15.152
14.567
14.085
13.830
13.166
12.176
11.182
10.554
10.129
9.963
10.006
10.626
11.953
13.142
14.259
14.620
15.038
15.039
13.829
14.472
14.968
15.014
14.976
14.957
15.419
14.930
14.301
13.841
13.116
12.164
11.264
10.619
10.141
9.951
9.906
9.996
10.453
11.102
11.885
12.233
12.576
12.891
12.443
12.276
12.244
12.152
12.376
13.191
14.348
13.809
13.048
12.358
11.658
10.894
10.204
9.565
9.113
8.894
8.742
8.690
8.788
9.071
9.653
10.180
10.660
10.750
10.115
9.713
9.673
9.945
10.398
11.454
13.138
12.969
12.674
12.342
11.865
11.086
10.330
9.838
9.531
9.450
9.553
10.205
11.484
12.806
14.059
14.617
15.249
15.338
14.283
14.773
15.002
14.895
14.980
15.090
15.410
15.014
14.367
13.753
12.773
11.604
10.648
10.035
9.625
9.564
9.656
10.289
11.593
12.867
13.978
14.226
14.456
14.281
13.041
13.359
13.563
13.730
14.160
14.607
15.483
15.120
14.318
13.657
12.654
11.324
10.363
9.738
9.325
9.213
9.319
9.986
11.396
12.844
14.066
14.339
14.576
14.469
13.273
13.778
14.025
14.101
14.328
14.699
15.736
15.292
14.519
13.915
12.875
11.561
10.408
9.729
9.412
9.310
9.461
10.190
11.608
12.901
13.919
14.305
14.750
14.774
13.731
14.320
14.736
14.853
15.003
15.269
15.995
15.631
14.874
14.177
13.134
11.898
10.858
10.095
9.710
9.591
9.698
10.384
11.768
13.184
14.345
14.705
15.076
15.299
14.011
14.450
14.717
14.896
14.937
15.197
15.837
15.425
14.574
13.981
13.165
12.064
11.082
10.406
9.951
9.740
9.689
9.838
10.347
10.900
11.760
12.220
12.516
12.779
12.412
12.325
12.231
12.226
12.568
13.514
14.361
13.750
12.947
12.194
11.297
10.382
9.596
8.866
8.480
8.195
8.087
8.039
8.204
8.368
9.168
10.003
10.798
11.370
11.027
10.501
10.168
10.135
10.660
12.013
13.344
12.917
12.292
11.775
10.991
10.045
9.282
8.785
8.552
8.550
8.709
9.476
10.998
12.556
13.847
14.264
14.530
14.378
12.972
13.274
13.497
13.571
14.099
14.660
15.898
15.634
14.932
14.260
13.098
11.607
10.511
9.884
9.478
9.376
9.500
10.186
11.659
12.976
13.974
14.103
14.311
14.195
12.827
13.224
13.617
13.868
14.296
14.688
15.760
15.401
14.635
13.990
12.991
11.652
10.529
9.877
9.552
9.480
9.605
10.332
11.835
13.205
14.317
14.490
14.868
14.817
13.582
14.023
14.518
14.786
15.179
15.329
16.081
15.573
14.747
14.088
13.146
11.999
10.614
10.209
9.997
9.886
10.012
10.713
12.100
13.401
14.533
15.009
15.599
15.880
14.853
15.504
15.934
15.765
15.745
15.708
15.990
15.509
14.751
14.157
13.236
12.108
11.096
10.468
10.063
9.972
10.071
10.700
12.039
13.331
14.351
14.740
15.028
14.908
13.889
14.269
14.461
14.475
14.417
14.675
15.381
14.892
14.103
13.499
12.727
11.626
10.608
9.948
9.500
9.348
9.374
9.555
10.000
10.635
11.685
12.247
12.566
12.836
12.496
12.404
12.097
12.121
12.451
13.441
14.441
13.604
12.904
12.157
11.283
10.210
9.335
8.684
8.295
8.063
8.008
8.019
8.209
8.502
9.441
10.244
10.855
11.348
10.753
10.389
10.232
10.320
10.838
12.224
13.630
13.171
12.627
12.029
11.186
10.229
9.409
8.885
8.637
8.577
8.695
9.560
11.112
12.489
13.637
14.255
14.907
15.205
14.127
14.546
14.823
14.905
15.155
15.610
16.116
15.876
15.172
14.347
13.065
11.615
10.487
9.867
9.377
9.236
9.337
10.138
11.677
13.055
14.035
14.127
14.506
14.497
13.074
13.424
13.811
14.090
14.648
15.403
16.524
16.277
15.486
14.695
13.408
11.879
10.681
9.944
9.508
9.369
9.548
10.242
11.662
13.143
14.237
14.460
14.647
14.350
12.961
13.213
13.394
13.620
14.123
14.789
15.989
15.557
14.762
14.142
13.157
11.889
10.787
9.987
9.496
9.257
9.195
9.382
9.771
10.234
11.059
11.429
11.717
11.738
11.126
10.942
10.839
11.018
11.861
13.405
15.148
14.445
13.588
12.844
11.890
10.784
9.879
9.293
8.927
8.813
8.869
9.273
10.364
11.790
12.899
13.074
13.130
12.950
11.849
11.983
12.071
12.261
12.831
13.947
15.187
14.634
13.710
13.022
12.143
10.941
9.881
9.259
8.833
8.593
8.604
8.734
9.180
9.860
10.606
10.720
10.709
10.737
10.376
10.169
10.091
10.317
10.955
12.426
14.180
13.259
12.361
11.629
10.769
9.849
8.946
8.331
7.950
7.722
7.640
7.693
7.978
8.290
8.921
9.157
9.497
9.693
9.269
8.867
8.806
9.125
10.105
11.497
13.015
12.462
11.888
11.591
10.812
9.787
9.150
8.750
8.631
8.650
8.863
9.707
11.295
12.822
13.959
14.274
14.764
14.943
13.780
14.096
14.302
14.428
14.839
15.352
16.206
15.996
15.356
14.685
13.548
12.111
11.052
10.376
10.003
9.907
10.038
10.769
12.352
13.809
14.850
14.918
15.043
15.015
13.726
14.234
14.531
14.852
15.218
15.690
16.607
16.288
15.609
14.934
13.718
12.283
11.060
10.455
10.109
10.034
10.175
10.919
12.484
13.800
14.736
14.954
15.056
14.844
13.460
13.991
14.522
14.704
15.057
15.529
16.620
16.221
15.461
14.844
13.767
12.325
11.259
10.587
10.221
10.069
10.187
11.018
12.648
13.908
14.710
14.633
14.838
14.785
13.483
13.962
14.456
15.056
15.277
15.511
16.355
15.947
15.226
14.673
13.693
12.364
11.316
10.616
10.229
10.144
10.272
11.004
12.491
13.799
14.701
14.750
14.918
14.907
13.711
14.206
14.751
14.920
15.108
15.389
16.324
15.733
14.926
14.403
13.581
12.510
11.521
10.807
10.320
10.148
10.050
10.260
10.837
11.426
12.146
12.287
12.340
12.334
11.829
11.602
11.555
11.633
12.039
13.272
14.780
13.896
12.986
12.291
11.508
10.617
9.913
9.279
8.840
8.553
8.445
8.494
8.761
9.004
9.680
9.972
10.321
10.521
10.118
9.704
9.598
9.806
10.609
12.072
13.857
13.382
12.852
12.331
11.674
10.859
10.169
9.710
9.439
9.394
9.597
10.434
11.961
13.313
14.339
14.735
15.155
15.234
14.023
14.708
15.242
15.390
15.669
15.772
16.470
16.104
15.443
14.872
13.896
12.635
11.610
11.011
10.682
10.595
10.656
11.348
12.764
14.126
15.167
15.363
15.727
15.738
14.502
15.008
15.433
15.560
15.806
16.022
16.740
16.310
15.556
15.030
14.072
12.758
11.707
11.095
10.785
10.629
10.678
11.355
12.809
14.046
14.971
14.993
15.196
15.199
13.952
14.542
15.143
15.577
15.955
16.175
17.058
16.565
15.459
14.839
13.948
12.772
11.598
10.959
10.584
10.398
10.484
11.128
12.552
13.718
14.612
14.693
14.944
15.009
13.845
14.410
14.993
15.286
15.539
15.749
16.605
16.037
15.138
14.618
13.791
12.621
11.700
10.990
10.658
10.479
10.556
11.258
12.709
14.021
14.927
14.899
15.126
15.146
13.983
14.775
15.316
15.641
15.723
15.970
16.604
15.935
15.084
14.523
13.894
12.910
11.908
11.159
10.729
10.528
10.495
10.731
11.285
11.844
12.699
13.072
13.310
13.465
13.032
12.737
12.650
12.536
12.813
13.809
14.933
14.096
13.267
12.551
11.785
10.970
10.287
9.697
9.309
9.071
8.846
8.818
8.992
9.229
9.862
10.622
11.459
11.920
11.622
11.076
10.773
10.710
11.028
12.233
13.687
13.165
12.775
12.317
11.567
10.715
10.074
9.664
9.511
9.486
9.725
10.507
11.971
13.273
14.312
14.820
15.391
15.519
14.364
14.823
15.173
15.226
15.309
15.437
15.969
15.669
15.017
14.417
13.504
12.251
11.306
10.655
10.330
10.143
10.230
10.839
12.324
13.608
14.522
14.477
14.754
14.664
13.673
14.297
14.772
14.902
15.119
15.303
16.091
15.660
14.928
14.319
13.363
12.067
11.064
10.439
10.144
9.925
10.068
10.766
12.282
13.590
14.507
14.695
14.947
15.238
14.220
14.703
14.992
15.042
15.224
15.403
16.124
15.647
14.891
14.354
13.438
12.184
11.151
10.494
10.132
9.969
10.134
10.823
12.299
13.615
14.570
14.959
15.625
15.694
14.502
14.996
15.343
15.275
15.295
15.468
16.159
15.642
14.875
14.332
13.444
12.219
10.953
10.253
9.871
9.650
9.814
10.653
12.120
13.387
14.324
14.529
14.901
14.965
13.814
14.291
14.328
14.297
14.480
14.687
15.677
15.155
14.370
13.788
12.963
11.864
10.862
10.201
9.834
9.656
9.610
9.817
10.358
10.941
11.830
11.704
11.641
11.886
11.697
11.344
11.256
11.388
11.833
13.111
14.399
13.562
12.677
11.892
11.164
10.419
9.764
9.150
8.709
8.417
8.322
8.310
8.353
8.390
9.080
9.427
10.022
10.468
10.165
9.885
9.779
9.980
10.618
11.811
13.541
13.084
12.522
12.056
11.405
10.601
9.986
9.584
9.268
9.199
9.389
10.114
11.604
13.056
14.359
14.877
15.399
15.470
14.107
14.241
14.374
14.495
14.776
15.164
15.715
15.375
14.665
13.999
12.980
11.784
10.796
10.112
9.702
9.639
9.762
10.417
11.982
13.426
14.453
14.861
15.224
15.117
13.997
14.537
14.667
14.823
15.119
15.580
16.212
15.848
15.100
14.423
13.260
11.887
10.802
10.140
9.754
9.642
9.787
10.514
11.941
13.304
14.430
15.015
15.410
15.349
14.055
14.250
14.454
14.684
14.955
15.273
16.216
15.886
15.153
14.516
13.415
11.959
10.815
10.113
9.757
9.677
9.758
10.428
11.903
13.277
14.398
14.471
14.379
14.135
12.688
13.047
13.257
13.492
14.192
14.719
16.086
15.837
15.109
14.449
13.282
11.893
10.959
10.298
9.931
9.815
9.936
10.600
12.099
13.583
14.665
14.990
15.151
14.991
13.771
14.182
14.533
14.754
14.915
15.252
16.066
15.613
14.869
14.262
13.310
12.244
11.173
10.290
9.846
9.625
9.583
9.817
10.334
11.040
11.761
11.935
11.710
11.416
10.960
10.872
10.834
11.152
11.887
13.419
14.793
14.046
13.214
12.542
11.710
10.668
9.770
9.169
8.701
8.453
8.325
8.325
8.439
8.518
9.163
9.538
9.867
9.869
9.453
9.036
8.792
9.256
10.639
12.443
14.421
14.018
13.541
12.864
11.817
10.595
9.762
9.188
8.914
8.860
9.004
9.823
11.521
13.184
14.384
14.424
14.532
14.448
13.130
13.371
13.561
13.786
14.533
15.231
16.681
16.769
16.021
15.243
13.941
12.293
11.075
10.320
9.857
9.725
9.841
10.638
12.305
13.932
14.942
14.781
14.755
14.492
13.175
13.385
13.922
14.068
14.673
15.334
16.704
16.526
15.770
15.180
13.924
12.474
11.296
10.445
9.920
9.708
9.907
10.673
12.288
13.746
14.739
14.826
15.030
15.002
13.677
13.871
14.365
14.789
15.270
15.575
16.621
16.271
15.557
14.893
13.754
12.425
11.295
10.555
10.105
9.939
10.090
10.761
12.445
13.933
15.158
15.628
16.042
16.031
14.456
14.518
14.746
14.928
15.500
15.890
16.729
16.341
15.633
15.111
14.016
12.569
11.472
10.759
10.242
10.163
10.344
11.045
12.560
14.087
15.290
15.748
16.102
16.013
14.833
15.377
15.827
15.910
16.071
16.266
16.828
16.476
15.596
15.052
14.130
12.878
11.722
10.883
10.319
10.096
10.062
10.278
10.853
11.577
12.380
12.909
12.958
12.691
12.175
12.107
12.095
12.355
13.093
14.378
15.437
14.799
13.942
13.228
12.298
11.370
10.523
9.686
9.087
8.720
8.519
8.493
8.678
8.913
9.608
10.507
11.419
11.927
11.592
11.136
10.907
11.020
11.698
13.063
14.328
14.058
13.666
13.138
12.174
10.988
10.106
9.543
9.242
9.178
9.351
10.077
11.626
13.258
14.646
15.359
16.063
16.453
15.486
15.945
16.090
16.054
16.167
16.403
17.176
17.123
16.462
15.704
14.372
12.654
11.335
9.714
9.604
9.946
10.063
10.740
12.214
13.945
15.293
15.810
16.393
16.615
15.710
16.293
16.382
16.347
16.894
17.311
18.215
18.006
17.105
16.093
14.678
12.942
11.734
10.917
10.431
10.307
10.394
11.026
12.427
14.073
15.477
16.012
16.547
16.951
16.126
16.572
16.794
16.592
16.469
16.775
17.926
17.685
16.874
16.199
14.720
13.054
11.628
10.801
10.342
10.148
10.241
10.878
12.319
14.025
15.530
16.440
17.175
17.123
15.877
16.211
16.427
16.480
16.706
16.968
17.838
17.607
16.859
16.044
14.718
13.035
11.660
10.762
10.271
10.129
10.257
10.911
12.313
13.995
15.486
16.049
16.413
16.230
15.008
15.530
15.785
15.794
15.987
16.426
17.290
16.915
16.030
15.334
14.235
12.809
11.407
10.425
9.816
9.487
9.398
9.621
10.155
10.952
11.990
12.920
13.402
13.568
13.214
13.207
13.068
13.056
13.473
14.449
15.324
14.669
13.865
13.038
12.026
10.996
9.973
9.152
8.549
8.222
8.012
7.995
8.122
8.362
9.033
9.965
10.895
11.536
11.277
10.908
10.713
10.791
11.311
12.513
14.142
13.877
13.395
12.781
11.820
10.741
9.760
9.168
8.837
8.736
8.855
9.563
11.011
12.715
14.156
14.802
15.173
15.140
13.971
14.484
14.716
14.809
15.057
15.329
16.293
16.166
15.531
14.756
13.494
11.899
10.632
9.779
9.353
9.204
9.351
9.984
11.387
12.990
14.129
14.639
15.126
14.914
13.419
13.886
14.246
14.509
14.944
15.404
16.387
16.180
15.452
14.740
13.624
12.131
10.937
10.107
9.626
9.481
9.605
10.255
11.658
13.179
14.187
14.394
14.769
14.612
13.192
13.508
13.593
13.740
14.195
14.735
16.076
15.798
14.993
14.321
13.304
11.930
10.841
10.139
9.738
9.620
9.715
10.347
11.710
13.192
14.195
14.311
14.543
14.313
12.902
13.236
13.458
13.634
14.135
14.725
15.978
15.714
14.898
14.274
13.258
11.938
10.840
10.123
9.728
9.613
9.750
10.371
11.713
13.192
14.162
14.125
14.114
13.856
12.633
13.153
13.400
13.522
13.983
14.499
15.803
15.524
14.566
13.938
13.103
12.069
11.000
10.286
9.754
9.480
9.450
9.706
10.212
10.738
11.445
11.643
11.781
11.841
11.340
11.013
10.707
10.700
11.297
12.587
14.380
13.748
12.776
11.960
11.142
10.272
9.462
8.847
8.223
7.980
7.871
7.945
8.218
8.398
9.006
9.227
9.438
9.569
9.127
8.750
8.585
8.740
9.501
11.013
13.159
12.956
12.451
11.979
11.213
10.302
9.592
9.213
8.955
8.930
9.075
9.854
11.179
12.667
13.682
13.657
13.774
13.725
12.667
13.213
13.591
13.833
14.455
14.832
15.967
15.801
15.020
14.354
13.283
11.950
10.894
10.211
9.815
9.668
9.775
10.463
11.840
13.324
14.203
14.046
14.153
14.021
12.875
13.493
13.876
14.110
14.660
15.054
16.201
15.939
15.005
14.287
13.250
11.938
10.915
10.211
9.844
9.690
9.809
10.493
11.898
13.302
14.266
14.280
14.402
14.180
12.956
13.494
13.943
14.226
14.697
14.924
16.077
15.809
15.034
14.317
13.365
12.185
11.235
10.740
10.393
10.131
10.127
10.805
12.125
13.578
14.420
14.431
14.676
14.457
12.898
13.651
14.086
14.496
15.014
15.308
16.319
16.048
15.107
14.512
13.608
12.345
11.445
10.802
10.436
10.261
10.389
11.018
12.269
13.601
14.589
14.722
14.904
14.879
13.544
14.220
14.451
14.634
14.917
15.170
16.312
15.911
14.897
14.255
13.490
12.404
11.408
10.778
10.314
10.106
10.087
10.284
10.852
11.536
12.494
13.116
13.538
13.675
13.019
12.788
12.565
12.468
12.598
13.452
14.788
14.209
13.226
12.508
11.686
10.821
10.018
9.462
9.041
8.753
8.646
8.756
8.970
9.040
9.705
10.380
11.043
11.461
11.136
10.880
10.859
10.787
11.244
12.459
14.046
13.684
13.206
12.752
11.979
11.105
10.400
9.976
9.820
9.746
9.789
10.504
11.937
13.296
14.542
15.164
15.800
16.108
14.818
15.316
15.515
15.482
15.647
15.875
16.557
16.434
15.753
14.981
13.814
12.357
11.265
10.566
10.141
10.078
10.186
10.981
12.472
13.954
15.110
15.229
15.347
15.064
13.636
14.221
14.656
14.838
15.325
15.622
16.787
16.759
15.971
15.204
14.045
12.542
11.395
10.698
10.247
10.102
10.270
11.082
12.523
13.867
14.856
14.756
14.849
14.700
13.486
13.860
14.119
14.339
14.875
15.337
16.594
16.570
15.759
15.045
13.996
12.593
11.485
10.714
10.250
10.143
10.282
10.946
12.550
13.839
14.682
14.646
14.735
14.669
13.343
13.794
14.127
14.499
15.051
15.316
16.502
16.390
15.622
14.976
13.964
12.654
11.540
10.792
10.314
10.176
10.317
11.055
12.573
13.841
14.653
14.593
14.705
14.630
13.332
13.970
14.418
14.630
14.936
15.249
16.362
16.217
15.330
14.706
13.913
12.797
11.497
10.722
10.263
10.018
9.916
10.201
10.764
11.501
12.334
12.566
12.717
12.705
12.304
12.181
12.124
12.111
12.272
13.069
14.713
14.331
13.336
12.544
11.792
10.995
10.292
9.729
9.231
8.997
8.803
8.815
8.941
9.156
9.771
10.447
11.157
11.630
11.148
10.674
10.465
10.496
10.913
12.024
13.694
13.466
12.934
12.436
11.710
10.854
10.138
9.695
9.565
9.595
9.753
10.349
11.911
13.269
14.299
14.833
15.453
15.652
14.025
14.339
14.822
15.162
15.452
15.400
16.204
16.158
15.513
14.884
13.913
12.661
11.475
10.828
10.409
10.187
10.367
11.033
12.506
13.847
14.884
15.273
15.829
15.924
14.474
14.981
15.229
15.282
15.544
15.565
16.498
16.477
15.765
15.151
14.133
12.761
11.744
11.106
10.739
10.527
10.618
11.405
12.960
14.249
15.128
15.274
15.512
15.436
14.152
14.928
15.546
15.760
16.028
15.897
16.659
16.433
15.689
15.038
13.990
12.736
11.624
10.741
10.336
10.223
10.326
11.009
12.420
13.841
14.986
15.439
16.099
16.226
14.979
15.382
15.586
15.632
15.720
15.664
16.336
16.167
15.535
14.919
13.941
12.554
11.382
10.689
10.148
10.022
10.135
10.913
12.499
13.925
15.097
15.435
15.824
15.780
14.472
14.917
15.076
15.000
15.126
15.297
16.245
16.374
15.641
15.129
14.121
12.909
11.715
10.824
10.240
10.052
10.005
10.143
10.638
11.196
11.966
12.148
12.177
12.044
11.510
11.163
10.816
10.625
11.187
12.883
14.973
14.732
13.834
13.168
12.118
11.047
10.102
9.328
8.907
8.681
8.566
8.554
8.619
8.783
9.412
9.860
10.118
9.764
8.867
8.264
8.007
8.408
9.408
11.259
13.698
13.803
13.340
12.743
11.877
10.669
9.756
9.228
8.991
9.040
9.222
10.102
11.776
13.351
14.288
14.434
14.516
14.463
13.053
13.272
13.438
13.607
14.492
15.252
17.031
17.371
16.667
15.833
14.455
12.845
11.606
10.822
10.417
10.327
10.447
11.233
12.887
14.449
15.267
15.000
15.005
14.806
13.361
13.586
13.752
13.946
14.722
15.453
17.351
17.649
16.824
16.112
14.693
13.034
11.606
10.822
10.383
10.294
10.463
11.251
12.891
14.384
15.075
14.730
14.761
14.656
13.310
13.460
13.659
13.791
14.483
15.190
16.960
17.129
16.252
15.470
14.245
12.800
11.502
10.748
10.363
10.214
10.355
11.134
12.714
14.052
14.901
14.895
14.983
14.904
13.599
14.042
14.287
14.527
15.091
15.266
16.585
16.697
16.148
15.635
14.369
12.888
10.751
10.886
10.602
10.371
10.460
11.547
12.818
13.738
14.099
13.954
14.456
15.068
13.727
14.172
14.688
14.995
15.143
15.150
16.281
16.209
15.310
14.673
13.799
12.679
11.660
10.842
10.332
10.084
10.068
10.278
10.826
11.506
12.293
12.596
12.839
12.946
12.525
12.268
12.083
12.115
12.586
13.473
14.935
14.549
13.560
12.828
12.004
11.145
10.253
9.712
9.312
8.925
8.686
8.714
8.912
9.131
9.831
10.391
10.847
11.025
10.579
10.239
10.152
10.374
10.977
12.133
13.900
14.172
13.736
13.208
12.438
11.540
11.816
11.484
10.814
10.724
11.290
12.091
13.346
13.774
14.770
15.047
15.577
16.575
15.901
16.635
17.311
17.520
17.529
15.957
15.904
16.052
15.480
14.964
14.493
13.893
11.917
11.272
10.820
10.691
10.844
11.505
12.893
14.239
15.401
15.769
16.044
16.093
14.879
15.585
16.187
16.299
16.418
16.276
16.827
16.852
16.104
15.554
14.506
13.152
12.066
11.324
10.810
10.600
10.695
11.484
13.029
14.320
15.175
15.128
15.406
15.517
14.232
14.920
15.593
15.822
16.132
16.046
16.873
16.888
16.194
15.611
14.640
13.363
12.196
11.438
11.044
10.901
11.020
11.680
13.061
14.238
15.269
15.626
16.208
16.521
15.353
15.881
16.257
16.276
16.450
16.162
16.755
16.573
15.750
15.186
14.244
12.934
11.865
11.135
10.707
10.498
10.577
11.298
12.710
14.036
15.200
15.751
16.349
16.352
14.965
15.175
15.250
15.130
15.047
15.122
15.799
15.662
14.806
14.176
13.284
12.097
11.065
10.276
9.702
9.505
9.510
9.792
10.349
11.113
12.035
12.460
12.942
12.900
12.218
11.717
11.289
11.297
11.789
12.856
14.337
14.298
13.520
12.698
11.862
10.777
9.789
9.124
8.626
8.299
8.132
8.203
8.354
8.593
8.980
9.445
10.197
10.612
10.234
9.722
9.177
9.203
9.969
11.482
13.756
14.113
13.499
12.889
11.799
10.656
9.755
9.261
9.079
9.088
9.306
10.106
11.723
13.227
13.920
13.830
14.062
14.031
12.724
12.830
12.920
13.063
13.924
14.761
16.345
17.007
16.377
15.539
14.101
12.444
11.131
10.550
10.101
9.984
10.170
10.933
12.486
13.959
14.577
14.263
14.170
14.059
12.659
12.858
13.001
13.348
14.169
14.903
16.497
16.944
16.142
15.317
14.034
12.399
11.177
10.407
9.986
9.883
10.058
10.881
12.429
13.853
14.772
14.762
14.825
14.596
13.227
13.417
13.712
14.004
14.719
15.103
16.518
16.695
15.866
15.092
13.846
12.292
10.905
10.123
9.734
9.680
9.840
10.652
12.207
13.652
14.644
14.778
15.019
14.936
13.501
13.835
14.207
14.394
14.856
14.975
16.225
16.466
15.601
14.974
13.884
12.399
11.178
10.428
9.974
9.864
10.054
10.890
12.386
13.727
14.547
14.534
14.905
14.958
13.680
14.045
14.439
14.696
14.946
15.019
16.069
16.159
15.252
14.543
13.699
12.629
11.543
10.700
10.114
9.953
9.942
10.239
10.635
11.322
12.019
12.241
12.322
12.377
12.037
12.006
11.966
11.985
12.384
13.206
14.689
14.439
13.359
12.528
11.721
10.854
10.005
9.301
8.771
8.505
8.360
8.437
8.558
8.961
9.636
10.134
10.593
10.873
10.270
9.686
9.391
9.542
10.198
11.525
13.377
13.590
12.984
12.472
11.574
10.591
9.892
9.407
9.105
9.112
9.338
10.129
11.760
13.303
14.401
14.517
14.669
14.585
13.212
13.501
13.808
14.086
14.564
14.753
15.814
16.236
15.523
14.917
13.868
12.510
11.195
10.535
10.180
10.072
10.109
10.912
12.323
13.698
14.539
14.619
14.945
14.913
13.628
14.204
14.730
15.004
15.485
15.462
16.332
16.665
15.909
15.271
14.215
12.835
11.630
10.814
10.369
10.257
10.380
11.126
12.484
13.849
14.811
14.978
15.398
15.639
14.432
15.401
16.273
16.467
16.463
16.204
16.661
16.523
15.839
15.244
14.150
12.838
11.635
10.920
10.511
10.372
10.504
11.171
12.641
14.173
15.488
15.951
16.236
15.841
14.365
14.287
14.178
14.034
14.406
14.684
15.757
16.198
15.469
14.863
13.778
12.521
11.182
10.366
9.866
9.703
9.902
10.676
12.072
13.552
14.309
14.283
14.424
14.410
13.213
13.423
13.658
13.827
14.089
14.257
15.349
15.590
14.755
14.002
13.158
11.941
10.855
10.034
9.455
9.211
9.123
9.188
9.537
10.347
11.205
11.577
11.763
11.892
11.616
11.394
11.150
11.146
11.529
12.283
13.858
13.913
12.969
12.201
11.441
10.568
9.793
9.208
8.781
8.537
8.456
8.476
8.600
9.215
9.854
10.313
10.713
10.944
10.543
10.297
10.293
10.534
11.052
12.015
13.679
14.035
13.553
13.040
12.380
11.477
10.733
10.226
9.987
9.902
10.011
10.767
12.150
13.624
14.947
15.536
16.220
16.438
15.134
15.579
16.044
16.291
16.481
16.042
16.462
16.795
16.174
15.621
14.627
13.296
12.512
11.423
10.959
10.792
10.902
11.616
13.314
14.890
16.205
16.604
17.139
17.216
15.970
16.711
17.307
17.438
17.272
16.215
16.691
16.882
16.279
15.675
14.730
13.645
12.330
11.533
11.034
10.841
10.971
11.651
12.941
14.492
15.788
16.246
16.944
17.227
16.183
17.092
17.728
17.819
17.683
16.851
16.967
17.139
16.436
15.906
14.979
13.719
12.556
11.774
11.284
11.115
11.134
11.754
12.892
14.401
15.733
16.461
17.279
17.509
16.380
17.035
17.180
16.986
16.766
16.125
16.242
16.292
15.543
15.009
14.107
13.022
11.817
10.698
10.305
10.141
10.393
11.248
12.573
13.839
15.426
15.924
16.617
16.563
14.967
15.611
16.212
16.433
15.992
14.636
15.121
15.724
14.879
14.399
13.746
12.768
11.741
10.940
10.346
10.083
9.929
10.120
10.582
11.433
12.321
12.596
12.669
12.548
11.674
11.126
10.970
10.955
11.147
11.742
13.141
13.434
12.560
11.820
10.946
10.108
9.310
8.721
8.282
8.035
7.953
7.993
8.133
8.663
9.424
10.067
10.763
11.110
10.720
10.148
9.923
9.883
10.121
11.025
12.430
12.677
12.174
11.617
10.725
9.742
9.074
8.640
8.433
8.492
8.730
9.594
11.101
12.534
13.285
13.467
13.803
13.910
12.551
12.753
12.883
12.934
13.238
13.362
14.558
15.663
14.878
14.168
12.967
11.524
10.372
9.670
9.350
9.232
9.373
10.106
11.487
12.890
13.445
13.397
13.588
13.650
12.426
12.771
13.068
13.108
13.552
13.813
14.619
15.218
14.475
13.947
13.242
11.826
10.528
9.855
9.509
9.446
9.572
10.262
11.590
12.989
13.717
13.593
13.843
13.900
12.850
13.248
13.704
13.887
14.274
14.382
15.296
15.732
14.963
14.300
13.229
11.902
10.764
10.063
9.662
9.640
9.800
10.535
11.914
13.416
14.399
14.505
14.615
14.500
13.242
13.869
14.483
14.924
15.131
15.040
15.530
15.805
15.052
14.532
13.647
12.456
11.375
10.601
10.150
10.293
10.461
10.969
11.911
12.899
13.845
14.381
14.963
14.996
13.551
13.639
13.601
13.366
13.433
13.032
13.953
13.999
13.471
12.849
12.366
11.405
10.451
9.687
9.276
9.062
9.003
9.236
9.650
10.435
10.973
11.092
11.234
11.411
10.890
10.514
10.322
10.529
11.153
11.316
12.651
12.915
11.870
11.126
11.028
10.207
9.446
8.924
8.525
8.260
8.172
8.226
8.207
8.855
9.515
9.972
10.465
10.770
10.422
10.161
10.085
10.297
10.826
11.556
12.991
13.529
13.101
12.724
12.225
11.238
10.491
10.102
9.912
9.822
9.983
10.725
11.837
13.550
14.956
15.681
16.476
16.491
15.214
15.782
16.438
16.679
16.306
14.478
14.461
14.924
14.426
14.159
14.294
13.274
12.132
11.383
11.005
10.804
10.770
11.334
12.370
13.827
15.029
15.524
16.190
16.519
15.401
16.107
16.886
17.105
17.023
16.376
16.485
16.881
16.335
16.012
14.913
13.596
12.477
11.651
11.172
10.998
11.082
11.648
12.717
14.202
15.540
16.086
16.911
17.214
16.050
16.755
17.064
17.140
16.193
14.142
13.921
13.970
13.537
13.245
13.267
13.578
12.753
11.901
11.481
11.291
11.304
11.856
12.926
14.462
15.918
16.586
17.438
17.554
16.154
16.488
15.688
14.728
14.577
13.965
14.173
14.144
13.485
13.010
12.081
11.713
12.161
11.406
10.896
10.774
10.863
11.567
12.703
13.992
14.780
14.823
15.111
15.140
13.894
14.191
14.555
14.672
14.890
15.004
15.569
16.051
15.292
14.801
14.159
13.086
11.090
11.089
10.535
10.227
10.124
10.357
10.723
11.543
11.716
11.775
12.004
12.110
11.625
11.258
11.059
11.178
11.715
12.679
14.009
14.502
13.608
12.787
11.908
11.001
10.121
9.439
9.015
8.801
8.671
8.676
8.751
9.232
9.316
9.500
10.045
10.472
10.120
9.808
9.725
9.922
10.652
11.804
13.308
14.240
13.766
13.296
12.603
11.579
10.906
10.405
10.071
9.981
10.155
10.992
12.174
13.719
14.662
14.874
15.467
15.874
14.877
15.790
16.599
16.979
17.379
17.055
17.142
17.892
17.280
16.791
15.890
14.553
13.470
12.670
12.154
11.881
11.858
12.423
13.415
14.932
16.220
16.671
17.301
17.672
16.823
17.827
18.189
18.193
18.159
17.450
17.352
17.833
17.218
16.797
15.841
14.601
13.474
12.762
12.254
12.005
11.946
12.493
13.472
15.009
16.342
16.925
17.647
17.436
15.929
16.292
16.094
15.947
16.641
16.478
16.665
16.931
16.392
15.896
14.949
13.226
11.923
11.192
10.697
10.557
10.607
11.260
12.515
14.094
15.007
15.068
15.349
15.297
14.122
14.644
14.936
13.841
12.881
12.568
13.052
13.701
13.995
14.299
13.751
12.521
11.516
10.720
10.229
10.076
10.159
10.899
12.282
13.822
14.518
14.615
14.962
15.186
14.135
14.561
14.762
14.719
14.757
14.884
15.355
15.953
15.116
14.573
13.716
12.645
11.564
10.825
10.205
9.975
9.868
10.006
10.374
11.301
11.561
11.635
12.035
12.335
11.934
11.550
11.237
11.180
11.629
12.518
13.835
14.447
13.488
12.726
11.920
11.019
10.117
9.481
8.981
8.704
8.586
8.557
8.699
9.384
9.712
9.969
10.415
10.926
10.747
10.524
10.414
10.365
10.603
11.141
12.300
13.159
12.989
12.738
12.155
11.265
10.525
10.080
9.820
9.820
9.960
10.714
11.901
13.490
14.643
15.206
16.083
16.837
15.468
16.084
16.442
16.414
16.158
15.630
15.900
16.421
15.902
15.317
14.281
12.976
11.867
11.113
10.685
10.613
10.740
11.455
12.787
14.381
15.543
15.994
16.618
16.672
15.486
15.993
16.400
16.501
16.579
16.190
16.344
16.643
16.058
15.534
14.605
13.169
12.134
11.382
10.997
10.899
10.967
11.615
12.753
14.101
15.287
15.878
16.535
16.616
15.383
15.766
15.785
15.348
15.366
15.182
15.673
15.775
15.054
14.437
13.421
11.985
10.990
10.385
10.061
9.986
10.106
10.741
12.047
13.556
14.607
15.028
15.648
15.675
14.486
15.012
15.336
15.199
15.122
14.931
15.381
15.510
14.909
14.273
13.208
11.939
10.890
10.189
9.746
9.604
9.783
10.456
11.744
13.339
14.600
14.976
15.555
15.688
14.585
14.876
15.136
14.946
14.554
14.179
14.542
14.917
14.089
13.425
12.607
11.464
10.356
9.620
8.730
8.389
8.217
8.148
8.278
9.085
9.611
10.021
10.488
10.689
10.282
9.882
9.404
9.274
9.749
10.705
11.954
12.668
11.871
11.118
10.310
9.554
8.583
8.000
7.693
7.543
7.416
7.318
7.533
8.144
8.431
8.818
9.454
10.085
9.720
9.293
8.996
9.108
9.523
10.576
11.816
12.790
12.443
11.903
11.216
10.303
9.587
9.030
8.705
8.691
8.850
9.477
10.652
12.263
13.246
13.563
14.160
14.604
13.765
14.652
15.249
15.363
15.438
14.823
14.990
15.720
15.092
14.509
13.453
12.167
10.961
10.189
9.761
9.642
9.798
10.406
11.522
13.336
14.501
14.945
15.584
15.892
14.777
15.435
15.724
15.730
15.653
15.003
15.261
15.740
15.063
14.426
13.562
12.177
10.861
10.076
9.657
9.627
9.765
10.430
11.773
13.298
14.424
14.831
15.411
15.481
14.213
14.708
15.153
14.188
14.207
13.916
14.072
14.961
14.203
13.563
13.516
12.829
11.519
10.621
10.147
10.038
10.092
10.633
11.910
13.397
14.355
14.552
15.036
15.359
14.349
15.221
15.739
15.101
14.912
14.530
14.668
15.533
14.861
14.326
13.486
12.724
12.526
11.775
11.296
11.122
11.141
11.650
12.776
14.393
15.695
16.094
16.507
16.216
15.057
15.933
16.381
16.018
15.510
15.104
15.421
15.986
15.217
14.590
13.790
12.792
11.899
11.265
10.823
10.514
10.408
10.606
11.002
12.026
12.932
13.327
13.502
13.580
13.059
12.726
12.268
12.145
12.276
12.660
13.525
14.038
13.200
12.388
11.463
10.586
9.831
9.187
8.768
8.563
8.439
8.437
8.676
9.250
9.665
10.149
10.793
11.298
10.929
10.579
10.278
10.303
10.626
11.394
12.685
13.833
13.455
12.921
12.163
11.232
10.482
10.068
9.890
9.837
9.995
10.699
12.101
13.544
14.410
14.726
15.345
15.642
14.723
15.723
16.450
16.673
16.904
16.449
16.250
17.306
16.858
16.377
15.355
14.030
12.876
12.172
11.720
11.558
11.681
12.258
13.485
14.964
16.281
16.601
17.150
17.679
16.899
17.952
18.653
18.706
18.725
17.995
17.499
18.708
18.245
17.779
16.932
15.507
14.233
13.350
12.837
12.500
12.433
12.866
14.084
15.867
17.409
17.860
18.547
19.044
17.993
18.553
18.757
18.444
18.293
17.319
16.975
17.455
16.818
16.260
15.444
14.195
13.158
12.337
11.846
11.656
11.723
12.288
13.564
15.232
16.690
17.479
18.200
18.516
16.892
17.211
17.630
17.034
16.709
16.027
15.917
16.538
15.870
15.527
14.683
13.477
12.369
11.637
11.152
10.913
10.899
11.479
12.797
14.428
15.437
15.685
16.242
16.522
16.469
16.437
17.148
17.468
16.224
15.924
15.673
16.581
15.966
15.356
14.635
13.536
12.486
11.739
11.190
10.906
10.792
10.715
11.234
12.126
12.719
12.861
13.140
13.227
12.558
12.139
11.834
11.680
11.919
12.533
13.390
14.177
13.353
12.540
11.717
10.889
10.146
9.540
9.171
8.908
8.827
8.684
8.817
9.301
9.536
9.877
10.475
10.811
10.446
9.941
9.572
9.565
10.158
11.224
12.340
13.683
13.345
12.829
12.144
11.227
10.490
10.117
9.902
9.761
9.975
10.582
11.991
13.443
14.255
14.622
15.357
15.802
14.689
15.395
15.931
15.958
16.349
16.102
15.812
17.008
16.547
16.038
15.030
13.678
12.541
11.797
11.359
11.190
11.339
11.896
13.340
14.886
15.973
16.387
16.973
17.147
16.087
16.888
17.367
17.567
17.664
16.860
16.331
17.399
16.955
16.482
15.571
14.356
13.158
12.346
11.889
11.624
11.639
12.123
13.444
14.862
15.949
16.419
17.063
17.274
16.112
17.014
17.645
17.590
17.549
16.855
16.497
17.465
16.941
16.589
15.707
14.486
13.305
12.452
12.012
11.793
11.758
12.186
13.547
14.849
15.894
16.265
16.946
17.245
16.100
16.953
17.639
17.865
17.998
17.193
16.628
17.600
17.083
16.741
15.993
14.765
13.591
12.696
12.116
11.806
11.770
12.223
13.513
14.820
15.802
16.202
16.940
17.320
16.395
17.156
17.734
17.644
17.452
16.704
16.233
17.087
16.465
15.941
15.244
14.299
13.168
12.322
11.718
11.336
11.106
10.888
11.200
12.191
12.974
13.372
13.941
14.165
13.861
13.659
13.614
13.124
12.791
13.020
13.742
14.396
13.867
13.204
12.513
11.775
11.070
10.498
10.122
9.898
9.744
9.595
9.562
9.995
10.598
11.214
11.798
12.121
11.622
11.105
10.808
10.929
11.429
12.152
13.160
14.221
14.059
13.617
12.898
11.994
11.237
10.740
10.507
10.436
10.543
11.176
12.609
14.146
15.442
15.996
16.641
17.091
16.150
17.146
17.741
17.694
17.500
16.704
16.271
17.427
17.065
16.629
15.757
14.432
13.253
12.435
11.874
11.674
11.772
12.362
13.665
15.137
16.370
17.017
18.130
18.538
17.263
17.474
17.798
17.993
17.935
17.193
16.766
17.740
17.353
16.937
16.046
14.764
13.593
12.763
12.218
12.000
12.075
12.594
13.785
15.243
16.441
16.937
17.928
18.200
16.910
17.640
18.269
18.259
18.255
17.461
16.769
17.432
16.978
16.515
15.671
14.484
13.316
12.429
11.938
11.699
11.768
12.288
13.367
14.929
16.123
16.252
16.752
16.974
16.074
17.117
17.688
17.399
16.859
15.980
15.611
16.365
15.888
15.420
14.459
13.259
12.097
11.355
10.887
10.776
10.931
11.499
12.847
14.146
14.998
15.380
16.441
16.727
15.691
16.236
16.300
15.945
15.719
15.189
15.009
15.928
15.808
15.701
14.989
14.494
12.174
11.282
10.693
10.447
10.402
10.312
10.159
9.742
9.086
8.434
8.164
8.110
7.674
7.615
7.906
8.596
9.933
11.840
13.415
14.402
13.794
13.052
12.174
11.286
12.648
12.051
11.579
11.301
11.137
10.899
10.436
9.386
9.718
9.671
10.730
11.294
10.872
10.537
10.365
10.487
10.929
11.950
12.896
14.394
14.443
13.960
13.277
12.375
11.430
10.985
10.699
10.579
10.723
11.272
12.840
14.296
15.575
16.274
17.128
17.543
16.505
17.493
18.208
18.140
18.212
17.291
16.444
17.380
17.045
16.655
15.786
14.380
13.197
12.485
12.012
11.754
11.744
12.116
13.174
14.504
15.651
15.961
16.774
16.959
15.725
16.104
16.261
16.106
16.090
15.486
15.156
16.142
15.746
15.310
14.333
12.953
11.846
11.135
10.775
10.716
10.855
11.344
12.968
14.141
14.725
14.934
15.466
15.701
14.587
15.006
15.299
15.245
15.644
15.383
15.121
16.261
15.857
15.335
14.407
13.156
12.041
11.296
10.919
10.804
10.926
11.396
12.916
14.196
14.894
15.255
15.928
16.151
15.012
15.678
16.058
16.068
16.236
15.890
15.373
16.373
16.046
15.581
14.746
13.620
12.561
11.771
11.263
11.058
10.959
10.817
11.371
12.120
12.514
12.842
13.350
13.427
13.007
13.285
13.452
13.585
13.761
14.070
14.560
15.667
15.351
14.778
14.045
13.189
12.273
11.612
11.204
10.920
10.857
10.764
11.387
12.036
12.488
12.917
13.286
13.689
13.643
13.731
13.773
13.760
13.851
14.337
14.892
15.827
15.508
14.832
14.073
13.245
12.418
11.753
11.271
10.925
10.713
10.392
10.705
10.913
10.855
11.082
11.763
12.534
12.667
12.697
12.823
12.989
13.373
13.840
14.411
15.693
15.796
15.527
15.013
14.093
13.222
12.630
12.282
12.070
12.077
12.418
13.718
15.420
16.947
17.685
18.785
19.215
18.198
19.074
19.321
19.230
18.922
17.736
16.780
17.739
17.639
17.468
16.694
15.492
14.365
13.557
13.036
12.789
12.789
13.127
14.254
15.850
17.197
17.550
17.965
18.019
16.959
18.023
18.406
18.182
18.019
17.153
16.568
17.257
16.829
16.447
15.609
14.609
13.611
12.853
12.273
12.030
12.007
12.063
12.662
13.924
14.839
15.081
15.350
15.519
14.637
14.724
14.707
14.552
14.745
15.039
15.360
16.348
16.091
15.674
14.772
13.761
12.802
12.142
11.753
11.644
11.693
12.157
13.423
14.857
16.120
16.605
16.998
16.625
15.258
16.340
17.109
17.149
17.076
16.635
16.189
16.781
16.339
16.038
15.226
13.798
12.762
12.062
11.669
11.523
11.612
12.027
13.170
14.475
15.373
15.629
16.052
16.072
15.082
16.074
16.611
16.520
16.285
15.794
15.483
16.295
15.936
15.558
14.961
13.977
12.757
11.992
11.490
11.244
11.129
11.118
11.722
12.455
12.987
13.204
13.578
14.003
13.736
13.553
13.387
13.295
13.324
13.652
14.121
14.970
14.703
13.957
13.162
12.298
11.435
10.695
10.220
9.903
9.765
9.385
9.719
10.075
10.282
10.677
11.389
11.870
11.670
11.279
11.075
11.146
11.790
12.673
13.476
14.630
14.929
14.609
13.929
12.970
12.185
11.618
11.252
11.064
11.146
11.531
13.046
14.432
15.593
16.224
17.010
17.487
16.363
17.295
17.882
17.944
18.019
17.222
16.443
17.637
17.588
17.319
16.531
15.203
14.115
13.294
12.816
12.586
12.602
12.902
14.218
15.755
17.097
17.780
18.983
19.676
18.692
19.492
20.041
19.780
19.460
18.342
17.508
18.552
18.566
18.399
17.766
16.493
15.315
14.357
13.676
13.378
13.378
13.624
14.863
16.480
18.109
18.743
19.220
19.718
18.896
19.936
20.666
20.630
20.339
18.870
17.803
18.486
18.355
18.041
17.348
16.204
14.980
14.138
13.537
13.278
13.283
13.538
14.531
16.010
17.506
18.184
18.714
18.737
17.502
18.195
18.455
18.243
17.905
16.956
16.167
16.700
16.403
16.113
15.353
14.191
13.081
12.364
11.871
11.737
11.806
12.275
13.650
15.321
16.597
17.121
17.660
17.596
15.830
16.661
17.285
17.076
16.966
16.413
15.974
16.625
16.468
16.138
15.527
14.517
13.527
12.686
12.093
11.804
11.722
11.615
12.263
13.282
14.092
14.512
14.572
14.515
14.084
14.129
13.932
13.883
13.893
14.068
14.397
15.215
15.014
14.402
13.724
13.050
12.322
11.635
11.143
10.632
10.391
10.067
10.345
10.793
11.040
11.217
11.735
12.287
12.254
12.123
12.175
12.213
12.997
13.729
14.252
15.405
15.836
15.782
14.971
13.814
13.077
12.424
12.063
11.759
11.801
12.197
13.221
14.897
16.542
17.276
17.795
17.684
16.680
17.085
17.489
17.341
17.160
16.190
15.474
16.174
16.257
15.909
15.086
13.828
12.627
11.947
11.566
11.430
11.446
11.889
13.022
14.391
15.417
15.810
16.282
16.459
15.337
15.785
16.204
16.131
16.331
15.739
15.250
16.137
16.011
15.587
14.731
13.533
12.516
11.807
11.299
11.064
11.218
11.695
13.044
14.354
15.042
15.270
15.905
15.802
14.473
15.324
16.004
16.072
16.125
15.690
15.072
15.724
15.863
15.440
14.664
13.451
12.323
11.540
11.113
10.932
10.999
11.510
12.907
14.204
14.828
14.922
15.459
15.858
15.367
16.912
17.851
17.891
17.973
17.315
16.460
17.139
17.289
17.042
16.342
15.136
13.998
13.156
12.605
12.333
12.312
12.637
13.894
15.211
16.201
16.990
18.379
19.148
18.171
19.073
19.141
18.648
18.291
17.248
16.422
16.968
16.783
16.584
16.076
15.113
14.022
13.137
12.496
12.216
12.067
11.934
12.101
12.874
13.513
13.715
13.744
13.617
13.022
12.731
12.557
12.658
12.753
12.936
13.038
13.521
13.164
12.554
11.649
10.833
10.158
9.573
9.193
8.974
8.823
8.649
8.570
8.914
9.494
9.974
10.585
11.083
10.362
9.465
9.179
9.390
9.857
10.788
11.621
12.494
12.683
12.289
11.620
10.741
10.121
9.752
9.427
9.398
9.628
10.225
11.471
13.021
14.095
14.443
14.945
15.031
13.971
14.487
14.978
15.123
15.354
15.184
14.706
15.375
15.184
14.680
13.685
12.372
11.385
10.711
10.293
10.170
10.282
10.777
12.001
13.578
14.632
15.017
15.466
15.505
14.290
14.939
15.331
15.223
15.352
14.982
14.531
15.422
15.591
15.184
14.242
12.932
11.883
11.093
10.562
10.377
10.477
10.896
12.422
13.844
14.635
14.901
15.346
15.681
14.936
15.780
16.247
16.250
16.207
15.787
15.146
15.906
16.054
15.662
14.876
13.644
12.483
11.706
11.245
10.998
11.050
11.428
12.830
14.224
15.135
15.440
16.045
16.253
15.312
16.362
16.863
16.682
16.678
16.326
15.661
16.340
16.496
16.264
15.480
14.273
13.130
12.232
11.672
11.386
11.412
11.799
12.958
14.395
15.614
16.238
16.889
17.018
15.691
16.389
16.893
16.789
16.607
15.879
15.228
15.581
15.204
14.776
14.127
13.208
12.355
11.622
11.153
10.864
10.694
10.727
11.038
11.829
12.539
12.963
13.131
13.350
12.681
12.574
12.592
12.412
12.629
13.007
13.460
13.952
14.045
13.367
12.576
11.729
10.847
10.229
9.731
9.414
9.281
9.034
9.298
9.630
9.938
10.483
11.280
11.797
11.419
10.948
10.535
10.254
10.614
11.330
11.997
12.891
13.369
13.123
12.622
11.851
11.155
10.585
10.289
10.152
10.209
10.524
11.745
13.146
14.079
14.484
15.320
15.976
15.149
15.622
16.084
15.857
15.796
15.237
14.708
15.433
15.715
15.399
14.503
13.290
12.231
11.483
11.007
10.788
10.814
11.121
12.458
13.772
14.578
14.945
15.496
15.900
15.096
15.728
15.897
15.771
15.907
15.543
14.905
15.504
15.697
15.411
14.673
13.481
12.290
11.484
10.965
10.765
10.791
11.177
12.473
13.888
14.651
14.995
15.576
15.950
15.163
15.777
16.093
16.047
15.891
15.564
15.133
15.733
15.975
15.691
15.125
14.050
12.921
12.066
11.488
11.244
11.184
11.291
12.294
13.567
14.373
14.680
15.054
15.632
15.215
16.047
16.522
16.608
16.322
15.598
14.975
15.429
15.330
14.954
14.283
13.288
12.713
12.019
11.578
11.345
11.392
11.608
12.404
13.829
14.955
15.546
16.069
16.338
15.709
16.137
16.383
16.244
16.119
15.708
15.229
15.753
16.038
15.661
15.088
14.235
13.224
12.364
11.750
11.437
11.280
11.103
11.611
12.389
13.152
13.628
13.871
14.086
13.841
13.776
13.652
13.313
13.331
13.723
14.305
14.985
15.095
14.487
13.825
13.015
12.189
11.545
11.046
10.709
10.408
10.090
10.260
10.700
11.108
11.508
12.085
12.467
12.241
11.881
11.491
11.104
11.249
11.838
12.374
13.074
13.582
13.176
12.620
11.781
10.885
10.275
9.901
9.714
9.649
9.776
10.616
11.512
11.980
12.072
12.571
13.306
13.254
13.500
13.522
13.300
13.322
13.392
13.276
13.973
14.387
14.199
13.686
12.760
11.684
10.920
10.383
10.041
9.853
9.766
10.355
11.043
11.494
11.771
12.042
12.291
12.259
12.523
12.652
12.645
13.128
13.897
14.057
14.581
13.689
12.463
11.632
11.133
10.800
10.645
10.323
9.972
9.688
9.481
9.509
9.861
10.434
10.954
11.399
11.499
10.818
10.305
10.018
9.651
9.640
10.240
10.813
11.972
12.686
12.498
11.977
11.051
10.261
9.702
9.358
9.115
9.084
9.264
10.117
11.093
11.714
12.057
12.397
12.817
12.464
12.514
12.586
12.544
12.709
13.103
13.146
14.001
14.619
14.251
13.575
12.578
11.556
10.848
10.411
10.184
10.123
10.203
10.987
11.819
12.345
12.732
13.291
13.610
13.243
13.650
13.766
13.594
13.777
14.110
14.056
14.784
15.293
15.000
14.392
13.437
12.514
11.676
11.164
10.850
10.722
10.564
11.068
11.654
12.049
12.411
12.997
13.486
13.118
12.884
12.674
12.531
12.713
13.380
14.066
14.797
15.157
14.456
13.732
12.918
11.887
11.190
10.709
10.381
10.178
9.866
9.998
10.318
10.394
10.686
11.245
11.835
11.797
11.522
11.240
11.047
11.246
11.949
12.739
13.472
14.104
13.666
13.179
12.381
11.534
10.896
10.493
10.297
10.230
10.165
10.783
11.629
11.991
12.088
12.378
13.242
13.414
13.787
13.753
13.413
13.342
13.580
13.289
14.054
14.567
14.396
13.959
13.133
12.261
11.502
10.946
10.564
10.376
10.140
10.532
11.168
11.393
11.578
11.935
12.474
12.533
12.624
12.607
12.636
12.861
13.378
13.609
14.084
13.692
12.513
11.587
10.927