3.77
4.62
5.13
5.28
5.23
5.24
4.98
5.03
5.11
5.05
5.46
5.99
6.02
6.16
6.08
6
6.41
7.07
7.56
8.19
8.1
7.79
7.38
7.07
7.24
7.07
6.53
5.99
5.64
4.85
3.98
3.26
3.81
3.32
1.88
1.6
1.92
3.81
2.77
2.75
4.2
5.19
6.24
6.5
5.91
4.99
5.11
5.39
5.44
5.61
4.9
4.66
5.19
5.06
4.79
4.83
5.29
5.81
6.41
5.88
6.8
6.45
6.89
7.56
7.66
7.66
8.44
8.86
8.8
8.95
7.76
7.91
7.52
7.13
6.4
6.26
5.82
5.39
5.38
5
4.7
4.84
5.39
6.05
5.89
6.04
6.18
6.2
6.22
6.01
6.33
6.4
6.51
6.33
6.36
6.18
6.02
5.71
5.66
5.41
5.46
5.53
5.48
5.44
4.9
4.74
4.98
5.83
6.15
7.04
7.21
7.56
8.1
8.13
8.08
8.86
8.59
8.05
7.43
7.39
7.38
7.24
7.11
7.07
6.8
6.71
6.35
6.35
5.77
5.55
5.2
5.32
6.52
6.74
6.86
6.93
7.34
7.53
7.82
8.08
8.34
8.34
8.25
7.85
7.82
7.88
7.66
7.35
6.27
5.35
4.39
4.08
3.26
3.16
3.24
2.51
1.8
1.88
2.43
2.94
3.3
1.1
2
2.72
1.12
1.92
2.31
2.15
1.57
2.33
2.44
2.48
3.01
1
1.1
2.56
2.34
1.98
1.2
2.08
4.11
5.57
6.01
6.71
6.7
7.21
5.1
5.17
4.24
3.58
4.04
3.18
0.73
1.98
2.56
2.3
2.7
2.94
2.72
1.78
1.36
1.75
2.8
2.68
2.69
2.25
2.51
2.56
2.75
3.51
3.6
4.13
4.06
4.22
4.78
5.39
5.73
5.41
5.68
5.46
4.16
2.48
1.63
2.48
2.48
2.44
3.13
2.28
1.53
3.1
2.84
2.7
3.6
4.25
3.18
2.9
4.21
3.61
3.57
3.22
2.68
1.06
1.3
0.58
1.1
1.49
0.81
1.96
2.04
0.3
2.21
2.52
2.81
2.58
4.16
4.02
3.82
3.11
2.01
2.1
1.64
1.58
1.75
1.53
1.22
3.3
3.62
3.07
3.06
2.79
2.47
1.97
1.66
1.57
3.02
3.47
3.69
3.58
4.21
4.8
4.85
4.85
4.91
4.91
4.86
4.96
4.25
4.27
4.32
3.72
3.55
2.96
2.62
2.72
3.01
3.23
3.48
3.77
5.06
5.7
5.41
5.55
5.77
5.98
6.36
6.99
7.4
7.73
8.02
7.97
7.92
8.29
8.41
9.01
8.68
7.92
6.5
5.64
4.56
3.68
2.9
2.4
2.22
1.77
1.41
1.87
1.73
1.4
0.98
0.85
1.91
0.8
6.66
1
2.27
2.47
2.3
1.34
1.17
2.46
3.33
2.97
2.06
1.14
2.44
1.77
2.25
1.9
2.83
3.73
4.75
4.49
4.62
4.47
2.47
3.42
3.01
3.36
3.99
3.49
3.05
3.22
2.92
2.2
1.39
1.42
1.03
1.34
1.03
1.75
2.62
3.61
4.09
4.34
4.11
4.36
4.88
5.1
4.93
5.76
6.52
6.85
7.07
7.11
7.45
5.6
6.56
4.67
4.96
3.61
4.82
4.2
4.5
4.13
3.79
3.57
3.67
3.8
4.05
4.61
4.41
4.22
4.55
5.63
6.31
6.11
6.07
5.85
6.39
6.5
7.16
7.11
6.62
7
7.13
7.02
6.56
6.58
7.16
7.33
7.16
5.37
4.81
5.82
6.99
7.65
7.47
7.69
7.72
7.4
7.56
7.11
6.98
5.86
5.64
5.41
4.91
4.08
3.2
2.84
2.19
0.8
1.26
1.04
0.94
3.11
4.54
4.5
4.63
4.95
4.8
4.08
3.68
2.31
1.78
1.25
1.03
2.79
3.61
4.43
4.46
4.9
4.27
3.96
4.37
4.4
4.75
4.49
4.4
2.52
2.64
2.78
2.91
3.48
4.01
3.73
3.51
2.5
3.04
2.33
2.33
1.89
2.28
1.3
1.36
2.25
3.18
2.92
2.53
2.89
3.92
4.49
4.52
4.56
4.7
4.66
4.9
5.17
4.58
5.1
5.6
5.22
4.65
3.77
3.16
3.42
3.62
3.57
3.28
2.91
2.62
2.6
3.35
4.2
4.64
5.6
6.12
7.13
6.61
6.4
6.6
6.9
6.61
6.2
6.45
6.3
5.57
5.12
4.71
4.6
4.83
4.22
4.9
5.51
5.5
4.85
4.24
4.7
5.5
6.63
6.51
6.48
6.82
7.16
7.48
7.47
7.85
7.68
7.51
7.26
6.36
6.24
5.91
5.3
5.69
5.47
5.11
4.24
3.24
3.11
2.72
2.19
2.42
3.18
3.61
5.59
5.91
5.95
6.69
7.2
6.67
7.18
7.43
6.21
6
5.46
4.71
4.34
3.76
3.19
2.87
3.42
3.83
4.05
3.77
3.62
3.78
4.3
4.94
5.32
5
5.3
5.67
5.36
5.2
5.51
5.54
4.44
3.76
3.13
1.7
4.34
1.9
1.78
1.33
1.77
1.8
1.44
1.94
1.36
2.36
3.42
4.41
4.44
3.57
4.3
5
5.92
6.5
6.12
5.51
5.31
4.8
4.51
4.06
2.51
2.25
2.86
2.72
2.01
2.21
2.97
3.48
3.2
3.77
4.36
4.74
5.17
5.41
5.07
5.2
5.18
5.22
5.04
4.92
4.41
3.47
3.8
4.39
3.47
3.91
3.35
3.1
2.91
2.64
2.01
1.55
1.3
2.02
2.6
2.71
2.68
3.22
3.11
3.61
3.35
3.54
3.52
4.08
3.74
3.01
2.89
2.06
2.85
3.22
1.72
1.17
1.2
0.64
0.14
1.14
1.4
2.24
1.9
2.18
2.26
2.6
4.34
1.28
1.03
1.7
2.61
1.77
1.1
1.98
1.1
0.78
0
0.41
0.99
1.55
1.4
1.84
2.41
2.5
2.73
3.71
4.6
5
4.92
4.73
5.23
4.84
5.17
5.45
5.59
5.16
4.1
2.68
1.81
1.22
1.12
1.22
1.35
1.49
1.42
1.58
1.66
1.77
1.77
2.16
2.61
2.84
2.43
2.57
2.28
1.71
3.19
4.24
3.62
3.61
3.22
2.79
2.41
2.57
2.69
2.79
2.85
2.44
1.92
1.49
0.98
1
0.81
1
1.12
2.35
3.13
3.32
3.8
4.2
4.6
4.91
5.23
5.47
5.38
5.07
4.74
4.78
5.1
4.88
4.65
4.34
4.03
3.73
3.38
3.04
2.87
3.49
4.46
5.31
5.95
6.23
6.24
6.24
6.48
6.87
7.18
7.18
7.37
6.89
6.91
7.08
7.29
7.42
7.34
6.67
5.95
5.78
5.13
4.55
4.02
3.64
3.3
3.69
4.13
4.47
5.06
5.87
6.31
6.31
6.17
5.95
5.86
5.73
5.52
5.24
5.24
4.32
3
2.58
1.57
1.17
1.12
1.32
1.62
1.96
1.73
1.39
3.31
4.1
4.71
4.59
5.06
2.06
1.63
3.1
1.75
0.99
1.14
1.36
4.12
2.92
3.1
2.92
2.02
1.84
1.7
1.9
1.82
1.77
1.89
1.53
1.35
3.12
3.76
3.94
3.86
4.47
4.79
5.14
4.91
4.52
4.1
4.2
3.26
3.28
2.73
2.41
2.52
2.24
2.18
2.12
1.94
2.26
2.52
2.96
3.41
3.34
3.91
4.95
5.22
5.15
5.45
5.45
5.76
5.26
4.67
4.22
4.55
4.61
4.39
4.47
4.48
4.53
4.22
3.98
3.14
3.41
4.27
4.36
5.26
5.15
4.32
4.9
5.36
5.41
6.56
6.77
6.61
6.31
6.39
6.2
5.92
5.69
5.32
4.79
3.88
2.34
1.49
1.26
1.02
1.12
0.22
0.41
1.14
1.17
1.42
2.72
4.33
5.07
5.43
5.51
5.69
5.61
5.29
5.28
5.15
4.88
4.83
4.65
4.16
3.36
2.75
2.52
2.52
3.27
2.85
2.67
3.57
4.15
4.84
5.42
5.83
6.83
7.47
7.69
7.38
7.17
6.89
7.06
7.54
7.52
8.05
8.18
8.29
8.1
7.74
6.64
5.66
5.2
4.75
4.25
5.73
6.08
6.8
7.38
7.61
8.27
8.22
7.82
7.19
7.05
6.55
6.11
5.41
4.96
4.6
4.33
3.69
2.08
1.42
1.42
1.3
0.36
0.32
0.91
1.2
1.84
1.91
2.62
2.72
2.93
3.9
2.78
1.48
1.68
2.19
2.51
3.81
3.86
3.5
3.31
2.66
1.64
0.89
0.86
0.64
0.92
0.54
0.81
1.04
0.9
0.64
1.14
0.63
1.84
4.92
1.92
1.91
1.33
1.04
1.12
1.77
1.22
1.08
0.67
4.98
3.86
2.6
3.31
3.71
4.46
4.12
3.64
4.25
4.26
3.64
4
5.98
5.3
5.48
4.18
4.63
4.62
5.09
4.59
3.38
2.91
2.85
2.79
2.92
2.84
3.16
3.34
3.05
2.56
4.3
4.72
4.98
4.53
3.86
5.5
4.93
5.35
5.57
5.34
5.3
4.44
4.6
4.92
4.9
5.22
5.36
5.46
4.97
4.11
3.58
3.71
3.22
3.19
3.83
5.24
7.21
6.89
6.95
7.42
7.12
7.07
7.12
7.65
6.56
6.43
6.95
6.57
6.76
7.52
6.62
6.41
5.97
5.64
5.99
5.98
6.04
6.52
7.07
7.6
8.19
7.07
6.57
6.66
6.58
5.61
6.67
6.17
5.31
5.95
6.48
6.8
6.26
6.05
5.89
5.32
4.79
4.57
4.23
3.93
3.57
3.59
3.67
3.96
5.29
4.9
5.92
5.92
5.41
5.97
5.66
5.67
5.03
4.93
4.72
4.74
4.4
4.55
4.97
5.44
5.29
4.78
4.72
4.85
5.24
5.15
5.95
6.53
7.26
7.56
7.87
7.41
7.59
7.64
7.57
7.46
6.83
6.33
6.26
6.2
6.14
6.2
5.96
5.15
4.24
4.18
3.49
3.04
2.6
2.64
4.24
4.68
4.06
4.02
4.44
4.3
4.49
4.54
4.46
4.27
3.48
2.92
2.12
2.67
2.79
2.31
1.7
1.39
1.39
1.49
1.63
1.73
1.6
0.91
0.85
1.56
2.02
2.83
3.28
3.83
4.48
5
5.25
4.53
4.1
2.86
2.06
1.88
1.93
1.62
1.36
1.53
1.33
1.49
1.65
1.02
0.81
0.36
0.14
1.03
1.63
2.42
2.69
3.1
3.64
3.81
4.25
3.98
3.71
2.95
2.31
2.22
2.69
2.43
2.42
2.4
2.41
2.31
2.25
1.97
1.61
2.1
1.96
2.06
2.32
2.7
3.41
4.18
4.71
5.34
5.76
6.11
5.95
5.46
5.55
5.19
4.88
3.88
2.77
1.22
1.35
1.41
0.5
0.45
0.99
1.06
0.63
0.78
0.85
1.28
1.28
1.14
0.28
1.48
2.4
2.64
2.91
2.46
2.37
1.43
2.38
2.42
1.99
1.68
1.39
1.35
1.21
0.51
0.85
0.92
1.46
1.82
2.2
3.3
3.69
3.44
3.88
4.38
4.22
4.07
4.2
3.49
3.06
2.91
3.13
2.67
2.21
1.94
2.21
2.21
2.35
2.26
2.62
3.7
4.5
4.73
5.19
5.56
6.01
6.4
6.9
7.55
8.04
7.94
8.16
7.22
7.31
7.58
7.04
6.67
6.75
6.4
6.1
6.2
6.51
6.39
6.39
7.04
7.79
7.97
8.19
8.63
8.6
8.22
7.85
7.77
8.61
8.58
8.22
8.24
7.65
7.46
7.74
6.84
5.69
3.61
2.39
2.82
1.72
1.6
0.7
0.82
0.61
2.45
3.63
5.3
5.14
5.49
5.22
5.91
5.14
5.95
4.01
3.63
3.51
2.93
4.14
3.54
3.2
2.83
2.61
2.83
2.84
2.56
2.11
1.3
1.84
2.47
1.66
1.72
1.22
2.15
2.3
3
3.91
4.02
4.41
4.12
4.84
4.75
3.89
3.31
3.32
3.18
2.47
2.11
1.94
1.56
0.89
1
0.73
0.45
1.7
1.78
1.84
3.13
3.71
3.76
4.18
4.18
4.18
3.61
3.54
3.37
3.28
2.92
3.6
4.26
3.65
3.86
3.13
2.77
2.38
1.96
2
2.9
3.8
3.71
4.11
4.52
4.74
4.75
4.96
5.12
5.11
4.3
4.22
4.2
4.22
4.3
4.34
4.27
4.37
4.3
3.42
3.05
2.64
2.69
3.41
3.44
4
4.38
3.96
4.49
5.1
5.15
5.72
5.61
5.3
4.53
4.16
3.86
3.75
2.83
1.84
1.08
0.9
0.51
1.12
1.9
2.64
2.91
2.82
2.9
4.82
4.66
5.4
4.02
1.93
0.72
1.92
1.52
3.45
4.17
4.2
3.54
2.51
1.66
1.94
2.33
2.64
3.26
2.83
3.11
2.88
3.22
3.33
4.08
3.61
3.8
3.58
3.75
3.98
4.3
4.1
3.72
3.64
3.08
2.86
2.06
1.73
1.94
1.9
2.04
2.01
1.53
1
0.99
1.51
2.35
2.44
2.38
1.4
1.68
2.01
2.53
1.73
2.18
3.89
3.71
2.34
1.3
1.61
1.75
1.22
1.71
2.3
1.8
1.87
1.36
0.45
0.8
1.84
2
1.82
1.2
1.49
1
1.39
2.43
3.73
4.13
4.49
4.37
4.11
3.4
3.71
3.73
4.62
4.7
4.83
4.88
4.83
4.43
4.08
3.47
3.14
2.92
3.09
3.53
4.7
5.14
5.2
6.04
6.4
6.49
6.49
7.38
7.69
7.07
7.16
7.58
7.93
7.6
7.66
6.55
5.28
4.96
4.7
4.48
4.34
4.03
4.34
4.52
5.1
3.74
5.13
5.25
5.74
5.83
6
5.56
6.31
6.27
5.91
6.74
7.05
7
5.85
4.83
5.01
4.83
4.79
4.47
3.94
3.85
3.89
3.53
2.32
2.73
2.51
2.75
2.38
1.46
0.5
1.5
2.73
2.52
2.84
2.33
1.84
1.42
1.68
3.22
3.67
3.89
3.86
3.7
3.61
3.92
4.11
4.62
5.03
5.25
4.95
5.02
5.16
4.26
2.98
3.4
3.47
2.44
2.2
1.64
1.48
1.71
1.53
1.43
1.61
1.93
1.84
1.93
1.36
1.06
1.8
3.11
3.67
4.1
4.21
4.71
4.8
4.71
5.32
5.77
5.64
5.53
6.14
6.39
6.83
6.96
6.98
6.53
6
5.24
3.89
1.84
1.7
2.12
1.21
1.08
2.12
2.73
3.65
4.12
4.96
5.63
6.3
6.61
6.82
7.07
7.29
6.94
6.17
6.66
5.97
5.71
5.24
4.49
4.22
3.19
1.98
1.7
0.45
0.81
0.81
0.86
1.42
2.02
2.86
3.45
3.89
4.22
3.85
3.81
3.91
3.76
3.78
3.47
3.41
2.72
2.4
1.77
1.3
1.28
1.7
1.42
1.06
0.86
0.92
0.45
0.5
1.3
2.32
3.24
3.9
3.58
3.27
3.19
3.04
3.26
2.91
2.34
1.86
1.53
0.85
2.83
1.66
1.08
1
0.81
1.26
0.64
0.64
1.55
1.66
0.91
1.81
1.75
2.33
3.08
2.4
2.53
2.7
2.89
2.45
2.02
1.8
1.08
1.36
1.7
1.33
2.64
2.33
2.41
2.05
0.57
1.2
2
2.27
2.66
3.96
3.13
3.21
2.61
1.9
1.66
2.81
1.32
1.17
1.36
3.92
3
2.4
2.42
2.94
4.2
3.72
3.63
3.57
3.48
2.84
2.64
2.88
3
3.04
3.28
2.9
2.04
1.98
2.25
2.12
2.6
2.95
3.18
3.42
3.61
3.52
3.77
3.71
3.74
3.86
3.72
3.94
4.2
4.65
5.41
5.24
5.55
5.89
5.96
5.91
5.75
5.56
5.49
5.44
5.49
4.98
4
3.38
3
2.14
1.53
1.3
0.8
1.06
1.14
1.33
1.63
2.21
2.28
0.54
1.12
1.25
0.89
2.2
2.38
3.14
3.49
3.86
4.18
3.18
4.49
4.92
4.81
4.31
4.36
4.33
4.34
3.71
4.16
4.56
3.66
3.18
3.89
4.59
4.72
4.78
4.21
4.38
4.58
4.64
4.22
3.77
3.94
3.47
2.97
1.92
1.52
3.22
2.91
1.64
1.7
1.51
1.93
6.98
4.93
8.12
8.64
8.01
8
7.24
7.12
6.32
6.57
5.95
5.37
4.44
3.52
3.4
2.69
2.9
2.94
2.75
2.78
2.42
2.16
2.08
2.48
2.7
2.91
3.6
3.1
2.94
3.44
4.05
4.24
3.88
2.69
3.42
3.22
3.16
2.76
3.11
3.01
2.79
4.01
4.53
4.1
3.92
3.76
3.16
3.54
3.89
5.16
6.62
7.29
7.29
7.38
7.74
7.29
7.1
7.1
6.31
7.6
8.39
8.65
7.74
7.27
7.1
6.52
5.91
4.33
3.38
3.54
3.89
3
2.44
2.25
2.55
2.6
2.55
2.51
2.62
3.07
3.18
3.35
3.31
2.59
2.11
2.4
3.05
2.08
1.49
1.33
1.12
1.3
1.62
2.28
2.38
2.47
2.8
3.54
4.1
3.8
4.4
4.75
3.61
3.81
4.03
3.91
2.92
2.14
2
1.62
0.92
1.08
1.49
1.49
1.75
1.39
1.21
1.49
1.75
1.92
2.1
2.72
2.38
1.89
2.01
2.22
3.33
3.78
3.68
3.72
3.4
3.52
3.65
3.7
4.26
4.61
4.67
4.52
4.48
4.24
3.96
3.59
3.45
3.55
3.94
4.74
5.78
5.64
5.69
5.95
6.3
6.13
6.18
6.58
6.54
6.44
6.62
6.58
6.31
5.99
5.59
5.2
4.33
3.34
2.62
2.22
1.63
1.13
1.39
1.4
1.6
1.34
1.79
2.51
3.3
3.86
3.36
3.72
2.79
2.79
2.55
2.92
3.84
3.86
4.34
4.79
4.44
3.58
2.36
3.89
1.02
1.52
1.75
2.15
2.91
2.37
2.15
3.41
4.85
4.85
4.57
4.3
3.86
2.75
2.3
2.39
2.46
1.61
1.56
1.48
1.49
0.54
1.8
1.92
1.08
0.45
0.63
0.95
1.22
1.6
2.22
3.04
3.3
3.24
2.75
1.53
1.25
1.61
1.42
1.61
1.25
1.22
1.32
1.25
1.56
1.58
1.55
1.58
1.63
1.2
1.22
1.43
2.4
3.6
4.32
4.18
4.1
3.95
2.68
1.65
2.24
2.38
2.09
2.26
1.8
1.9
1.77
1.65
1.77
1.84
1.77
1.8
1.73
2.75
3.67
4.35
5.72
6.26
6.53
6.18
5.9
5.91
6.04
5.71
4.78
3.61
2.66
1.79
2.56
2.76
2.6
3.11
4
4.46
4.2
4.81
5.25
5.58
5.63
6.17
6.09
6.8
6.38
6.05
5.52
5.26
4.74
4.33
3.13
1.82
1.66
1.51
1.14
1
0.92
0.71
1.43
1.8
1.36
1.33
1.17
1.39
2.21
2.96
3.92
3.77
3.04
3.8
5.12
5.79
6.04
6.18
6.17
6.58
6.49
6.62
6.18
5.88
4.96
4.43
4.22
3.61
3.48
1.98
1.28
0.4
0.71
0.4
1.56
3.68
4.42
5.05
4.93
5.16
4.03
2.78
2.34
1.61
0.95
2.64
1.14
0.89
1.03
1.17
1.57
1.43
1.33
1.3
1.46
2.12
3.07
2.77
2.87
3.04
3.05
4.32
4.72
4.74
3.86
3.56
2.98
1.86
1.88
1.63
1.81
1.82
1.77
1.75
1.73
1.75
1.62
1.66
1.63
1.56
2.47
3
3.81
4.92
5.47
5.9
6.58
6.79
6.89
6.86
5.77
5.81
6.24
6.46
6.98
7.69
7.44
7.02
6.82
6.99
7.21
7.52
7.24
7.41
8.16
8.41
8.9
8.32
1.8
1.24
2.91
4.05
4.48
4.02
3.62
3.4
3.85
3.88
2.2
2.21
1.39
0.85
1.04
1.22
1.64
1.66
1.8
1.71
2.01
1.96
0.32
0.54
0.92
0.64
1.26
2.28
2
2.53
2.02
2.19
1.75
2.1
1.06
1.39
1.7
1.44
1.49
1.5
1.02
1.08
0.78
0.94
0.54
0.51
1.46
1.73
2.5
2.66
1.86
0.76
1.77
2.16
0.78
0.91
2.02
1.63
2.6
2.21
1.97
1.35
0.36
1.72
1.1
1.58
1.61
1.77
2.2
1.61
1.48
1.51
1.39
1.94
2.9
2.91
2.75
3.22
2.67
2.61
2.5
2.14
1.33
1.2
1.33
1.53
1.63
1.2
1.21
1.24
1.8
2.33
2.86
3.22
4.55
5.03
5.47
5.38
5.59
5.85
5.86
6.81
6.35
6.15
5.61
5.26
5.38
5.14
5.16
5.25
5.43
5.23
5.43
5.81
5.6
6.1
6.51
6.9
7
6.9
6.84
7.3
7.08
7.06
7.18
7.33
7.61
7.79
7.98
8.19
8.68
8.89
9.36
9.67
9.58
8.77
7.52
6.32
6.58
7.33
6.93
6.99
7.21
6.99
8.1
9.13
9.62
9.49
9.39
9.21
9.26
8.95
9.21
9.08
9.32
9.44
9.59
9.68
8.45
8.28
8.2
7.97
8.42
8.33
8.95
8.84
8.91
9.66
9.94
9.85
10.08
9.45
8.54
8.68
8.54
8.45
8.86
8.92
8.24
8.32
8.47
7.63
7.34
7.05
6.81
6.53
6.57
7.02
7.42
7.51
8.9
10.14
10.08
9.98
7.74
8.32
8.1
8.64
8.22
7.91
7.63
7.8
8.79
8.68
8.92
8.6
8.41
8.02
6.27
5.81
5.1
4.79
4.79
4.57
4.4
4.18
4.03
3.72
4.17
4.25
3.89
2.34
2.33
1.03
1.7
4.44
4.54
4.6
5.34
5.28
5.56
6.22
7.3
7.7
7.91
8.3
8.42
8.84
8.94
9.1
9.5
10.01
9.92
8.81
7.54
6.55
6.28
6.16
6.32
6.28
6.48
6.69
6.61
6.26
6.2
6.14
6.11
5.82
5.85
5.85
6.02
6.09
6.57
6.92
7.33
7.8
8.2
7.78
6.73
5.81
5.51
5.77
5.2
4.65
3.92
3.55
3.31
3.18
2.88
2.82
2.42
2.15
2.06
1.88
2.34
2.4
3.32
3.72
3.71
3.3
3.04
2.69
2.42
1.53
1.22
1.66
2.77
2.69
3.74
3.94
4.48
4.52
4.61
4.47
3.91
2.91
1.79
1.46
1.1
1.44
1.79
1.75
1.84
2.41
2.66
2.9
3.1
3.29
3.49
3.69
3.38
3.36
4.13
4.13
3.56
2.48
1.93
0.76
1.49
1.62
1.33
0.67
1.33
1.63
1.53
1.78
1.88
1.28
1.21
1.26
1.7
2.35
2.72
2.41
2.33
2.42
2.25
2.92
2.58
2.3
1.8
1.34
1.5
1.26
1.79
1.49
1.25
0.32
0.92
2.44
2.28
2.51
3.08
3.32
3.03
2.92
3
2.85
2.94
3.1
2.88
3.05
1.39
1.42
1.3
1.51
1.26
1.2
1.12
1.4
1.39
1.02
1.4
2.51
3.11
3.41
4.34
4.71
3.73
3.11
2.15
2.77
3.32
2.69
4.04
3.48
4.58
4.21
3.77
3.45
3.42
3.34
3.2
2.28
2.33
2.13
2.76
3.32
4
4.63
4.86
4.52
4.3
3.31
2.63
2.4
1.46
0.86
1.56
0.92
1.17
0.78
0.5
0.85
1.12
1.12
1
1.03
2.55
3.22
4.08
5.41
6.22
6.49
6.78
7
7.09
7.16
7.42
7.38
6.98
6.91
6.72
5.61
5.64
5.95
5.91
5.49
4.6
4.55
3.97
4.08
4.13
3.61
3.47
3.05
1.97
2.1
2.72
3.89
6.21
5.55
5.61
6.54
6.11
4.96
2.47
1.34
1.22
1.13
1.13
1.08
1.2
1.7
1.8
2.4
1.6
2.09
0.58
1.39
2.44
2.78
3.64
4.07
3.08
7.25
2.91
4.65
5.55
4.48
4.38
4.97
4.82
3.31
2.53
3.13
2.91
2.38
2.21
1.9
2.62
2.42
2.44
2.59
3.07
3.48
3.67
3.61
3.64
3.62
3.61
3.53
3.49
3.07
5.26
5.28
5.79
6.75
6.98
6.89
6.64
7.13
6.63
6.6
6.09
5.91
5.2
4.9
3.96
4.85
3.54
4.17
4.94
6.12
6.35
6.57
6.23
4.55
7.14
5.94
4.67
3.54
2.64
2.61
2.08
1.39
1.33
2.97
0.51
1.63
5.82
5.73
5.6
4.33
3.01
2.37
4.96
6.08
5.41
5.95
5.02
4.12
5.75
5.54
5.42
4.94
4.72
3.68
2.27
1.4
1.33
1.96
1.22
1.62
4.43
5.95
4.74
1.75
1.97
1.22
3.61
7.21
5.39
3.89
2.42
2.62
2.16
2.28
0.51
1.43
3.31
3.75
6.26
4.38
1.97
1.3
1.08
2.06
0.81
1.68
2.56
5.92
4.12
3.91
4.75
4.77
4.75
3.68
3.56
2.92
3.22
2.57
2.69
2.52
1.77
1.88
2.33
2
1.53
2.12
2.4
2.94
3.12
4.21
4.57
4.6
5.1
5.4
5.23
5.53
5.61
6.49
7.35
7.82
7.19
6.49
5.5
5.52
4.81
3.51
3.09
1.86
1.2
1.97
2.31
1.92
1.12
1.25
0.86
1.8
1.92
1.94
1.72
2.31
2.8
2.92
2.79
3.1
5.03
4.12
2.72
3.93
3.05
1.71
3.1
2.64
4.2
3.92
4.83
3.67
5.95
5.69
6.98
6.1
5.39
3.88
3.58
3.31
3.23
3.94
4.05
3.8
3.62
3.64
3.11
2.69
2.55
2.55
2.62
1.84
0.73
0.71
0.91
0.73
1.71
2.26
1.35
1.92
2.08
1.97
1.4
1.64
1.94
1.66
1.46
1.81
1.71
1.65
1.43
1.32
1.14
1.08
1.4
1
1.84
1.72
1.36
1.42
2.63
1.22
1.61
2.44
2.31
2.5
2.6
2.95
2.86
2.91
3.55
2.51
3.22
2.43
2.57
2.75
1.92
1.64
1.56
1.34
1.3
1.44
2.19
2.02
3.77
5.73
7.57
8.01
8.54
7.17
6.58
6.45
6.53
7
6.92
6.41
6.99
6.13
6.14
5.8
5.07
4.73
4.54
4.41
4.51
4.33
4.5
4.84
4.54
4.66
4.66
4.71
4.49
4.14
3.78
3.14
2.35
1.33
1.3
1.42
1.32
1.3
1.53
2.26
3.06
3.49
4.55
5.14
6.07
6.56
6.8
6.76
8.99
7.07
6.24
5.91
6.17
6.35
3.41
2.1
1.42
1.17
2.43
2.82
4.08
3.29
2.66
1.32
0.1
1.36
2.46
2.41
2.51
1.96
1.84
1.5
3.04
3.71
3.7
2.57
2.69
3.3
1.88
2.14
1.39
1.08
0.85
0.95
1
0.41
0.57
0.73
0.78
1.39
1.25
0.14
2.34
4.02
3.91
3.93
3.79
5.8
5.01
3.64
3.09
3.24
2.02
1.72
1.08
2.48
2.64
1.71
5.41
6.45
7.69
7.38
7.98
7.89
8.01
6.91
6.89
6.38
6.53
5.94
5.72
5.73
4.98
5.47
5.94
6.02
5.5
5.38
4.75
4.8
3.97
3.89
3.91
4.14
3.77
3.67
3.7
4.21
4.29
4.4
4.85
5.03
5.43
5.56
6.2
5.94
6.36
7
7.04
6.79
6.11
4.81
3.31
3.35
3.81
4.3
4.52
4.81
5.35
5.51
5.53
5.33
5.4
5.2
5.08
4.92
5.06
5.8
6.36
6.55
6.61
6.2
5.8
5.32
4.9
3.96
3.21
3
2.53
2.12
1.39
1.49
1.63
1.2
0.51
1.2
1.5
1.84
1.88
2.2
2.01
2.25
2.16
2.68
1.57
0.42
2.02
2.22
2.53
3.22
3.62
3.55
3.27
3.04
4.3
4
4.1
4
4.63
4.5
4.5
4.52
5
4.7
4.6
4.6
4.87
4.67
4.6
4.62
4.61
4.5
4.04
3.11
2.82
2.53
2.1
2.09
2.87
2.88
2.56
3.09
3.04
2.53
2.43
2.53
2.06
2.06
2.24
2.86
2.42
2.24
1.56
1.61
2.4
2.31
2.77
2.02
1.61
1.25
0.95
1.41
1.35
1.8
1.82
2.14
2.18
1.27
1.3
1.02
1.14
1.56
1.42
2.22
2.59
2.92
2.88
2.44
2.46
1.56
1.71
3.77
4.03
5
5.76
5.85
6.09
5.82
6.4
6.87
6.73
7.26
7.43
7.18
6.81
6.33
7.07
7.78
6.52
5.81
5
4.34
3.81
3.61
3.09
2.16
1.14
1.86
1.08
0.63
1.53
1.7
2.59
3.9
4.66
4.83
4.92
4.74
4.5
4.19
4.4
4.08
3.98
4.85
5.52
6.28
6.55
5.83
5.05
4.92
4.66
4.27
4.27
5.05
5.13
5.13
4.63
4.1
2.88
2.56
2.42
1.88
1.49
2.05
2.84
2.53
1.34
1.72
1.56
2.24
2.84
2.79
3.71
3.86
3.44
3.11
2.62
1.84
4.16
4.64
5.02
4
2.98
4.29
3
3.42
3.07
2.8
2.6
0.7
1.14
2.12
1.12
4.12
5.19
5.46
6.12
5.08
4.92
4.24
3.5
1.43
0.81
1.48
1.08
3.89
4.2
4.72
4.33
4.79
5.5
5.78
5.66
5.56
6.91
8.1
8.2
7.16
6.66
6.44
6.34
8.78
6.09
7.02
6.64
7
7.6
8.01
7.58
7.11
6.61
6.81
7.13
7.23
7.13
6.77
6.92
7.94
7.92
7.61
6.92
6.75
6.26
6.04
5.5
4.7
4.16
3.73
4.23
4.14
4.37
4
4
3.61
2.92
2.31
2.26
2.47
1.96
1.87
2.09
2.16
3.1
2.95
2.26
2.12
3.32
3.92
3.16
2.26
3
3.81
3.73
3.67
4.49
5.05
5.51
6.08
5.86
5.68
6.09
6.15
6.5
6.17
6.61
7.08
8.02
7.3
8.23
6.57
6.86
6.08
6
5.11
2.06
1.48
3.89
5.81
8.29
7.84
9.19
9.54
8.53
10.11
9.46
9.63
9.58
8.98
9.3
8.93
10.25
10.02
8.59
10.62
11.16
11.51
10.08
8.7
7.67
7.55
6.5
6.21
5.59
5.22
5.2
4.72
4.83
5.04
4.72
4.6
4.53
4.63
5.12
5.3
5.23
5.2
4.92
5.26
4.78
4.79
4.91
4.33
3.62
2.8
2.57
2.55
3.04
2.82
2.83
2.68
2.73
2.92
3.07
3.05
2.79
2.6
3.27
3.27
3.61
3.85
3.9
3.88
3.64
3.13
2.78
1.25
2.12
2.15
1.52
1.14
1.36
1.3
0.51
0
0.1
0.32
0.61
0.63
1.08
1.39
1.22
1.3
2.1
2.06
2.3
2.8
3.51
4.14
4.75
4.79
5.13
5.59
6
6.22
6.71
6.31
5.64
4.96
4.08
4
4
4.16
4.19
4.27
3.94
4.03
0.9
0.94
1.3
1.7
2.09
2.42
2.42
2.56
2.42
1.92
1.32
0.9
1.1
1.1
1.4
2.12
1.92
1.33
1.53
1.61
1.8
1.5
0.51
0.22
0.36
0.58
1.9
1.97
2.69
2.97
1.79
1.46
1.84
2.3
2.65
2.85
3.81
4.69
5.16
4.95
6.18
3.89
4.17
3.76
3.28
3.61
4.03
3.64
4.08
3.49
3.75
4.3
4.69
4.55
4.38
3.66
2.82
2.53
2.12
1.93
2.02
1.89
1.7
1.49
1.57
2.18
1.92
1.88
1.98
1.49
1.1
1.77
1.94
3.01
4.14
5.36
5.68
6.32
6.02
6.32
6.48
6.5
6.63
6.53
6.89
6.71
6.18
5.52
4.74
3.92
3.34
3.78
3.88
4.16
4.33
4.53
4.22
4.02
4.07
3.31
2.92
3.01
3.44
3.23
3.4
3.4
2.95
4.74
4.6
4.46
3.06
1.99
1.7
0.67
1.41
1.46
1.24
1.34
1.5
1.25
0.71
0.1
0.45
1.1
2.09
2.56
1.75
1.7
1.12
1
0.95
1.34
1.28
1.36
1.75
1.58
1.42
1.58
1.41
1.49
1.35
1.35
0.99
0.94
0.89
0.51
0.91
1.17
1.41
1.32
0.63
0.94
1.84
1.21
1.75
1.93
3
3.32
2.77
2.55
2.5
1.84
1.24
0.61
0.14
0.7
0.94
1.9
2.12
2.02
2.35
2.45
3.13
3.47
3.57
3.77
4.02
4.17
4.17
4.08
3.72
3.62
3.26
2.76
2.22
1.75
1.8
1.02
0.81
1.12
1.25
1.44
1.3
1.8
2.06
2.24
1.26
1.4
2.1
2.56
2.69
1.86
2.12
2.61
2.61
2.94
3.14
3.22
3.08
3.04
2.78
2.28
1.86
2.44
2.94
3.18
2.37
4.13
5.1
4.19
3.58
2.24
2.33
2.46
1.62
1
0.67
1.5
1.64
2.1
2.13
1.72
1.4
1.8
1.84
1.49
1.14
1.27
1.75
2.85
4.48
4.61
4.4
4.54
4.53
4.92
4.56
3.98
4.59
5.07
5.2
5.95
6.14
5.78
5.16
4.63
4.47
4.22
3.48
2.13
0.91
0.8
0.85
0.61
0.81
1.4
2.16
3.04
3.11
2.8
1.56
1.48
1.44
1.49
1.39
1.41
1.81
1.8
1.91
1.7
1.41
1.22
1.33
1.39
1.61
2.2
1.8
1.84
2.72
2.82
2.35
2.44
2.98
2.6
2.56
3.3
3.68
3.62
3.5
3.8
4.4
4.44
3.67
2.94
2.77
2.35
2.72
3.07
3.72
3.68
3.48
3.49
4.68
4
3.47
3.04
3.26
2.79
1.88
2.21
2.62
3.1
3.3
3.5
4.8
5
4.95
3.9
2.61
2.12
3.83
1.9
3.91
1.14
1.42
1.65
0.6
2.4
5.14
4.58
3.36
3.26
3.19
1.8
2.01
1.8
3.09
2.14
1.33
1.75
2.14
2.12
2.65
2.6
3.03
3.54
3.86
4.06
4.41
5.38
5.69
6.3
5.96
5.72
5.79
5.64
5.61
6.14
5.76
5.07
5.39
5.1
5.78
5.2
5.08
4.6
4.03
3.62
2.42
1.5
1.49
3.3
3.82
3.88
4.3
3.91
4.42
3.91
4
4.23
3.93
3.42
3.01
2.46
1.84
1.7
1.97
2.76
0.98
1.3
0.86
2.14
1.61
2.08
1.8
1.41
1.43
1.61
0.22
0.3
0.41
1.51
3.11
3.42
3.32
3.13
3.02
3
2.56
2.72
2.72
2.27
2.27
1.57
2.14
2.16
2.64
2.02
2.19
1.84
1.84
2.08
3.69
2.85
2.55
3.71
3.82
3.61
3.32
4.03
3.29
3.52
2.55
2.09
1.34
1.65
2
1.51
1.7
1.96
2.59
3.08
2.47
2.12
2.21
2.52
2.04
1.89
2.01
2.14
1.91
2.6
2.92
2.42
2.09
2.3
3.06
3.61
3.58
4.31
4.84
5.15
5.63
6.39
6.99
7.03
6.58
6.19
4.99
4.05
3.54
4.8
2.83
1
3.68
4.83
5.47
5.83
5.2
4.38
3.8
3.56
2.19
2
2.33
1.96
0.89
0.76
1.51
1.81
0.86
0.85
1.03
1.2
0.71
1.41
1.2
1.2
1.43
2.02
2.63
2.5
1.88
1.44
1.25
0.61
3.69
4.62
4.93
4.92
3.79
5.12
5.49
1.46
4.5
4.3
3.74
4.06
0.89
2.75
2.52
1.63
1.71
3.7
2.62
0.81
4.52
4.34
3.08
1.99
4.46
4.08
3.7
3.22
3.69
2.56
4.44
2.92
2.64
2.26
3.04
2.05
1.6
2.05
2.91
2.64
2.55
2.42
2.4
2.2
2.7
3.3
3.47
3.32
3.08
2.55
2.76
3
3
2.87
2.92
2.72
2.2
1.56
1.62
1.75
1.66
1.17
1.88
3.08
3.64
3.42
3.13
3.67
3.42
4.1
3.61
3.79
5.15
5.58
4.84
6.08
6.46
6.8
6.76
5.38
4.43
2.73
0.71
1.73
3.18
6.26
8.63
8.5
8.61
8.01
7.65
6.91
5.79
5.26
5.81
6.34
6.17
6.66
7.12
7
6.44
6.74
6.3
6.04
6.14
5.99
5.5
5.1
5.92
6.41
6.17
5.79
5
4.55
2.79
1.33
1.66
1.88
1.92
0.58
1.56
1.34
1.25
2
2.2
1.43
1.56
1.53
1.87
3.03
4.32
5.81
7.36
7.4
8.92
9.11
9
8.11
7.6
6.81
5.93
6.14
5.1
5.02
5.89
6.26
6.77
6.73
6.73
6.7
7.11
7.32
7.32
7.33
7.48
8.35
9.65
10.11
9.94
10.13
10.4
10.61
9.6
8.9
8.2
8.4
8.6
8
7.9
7.4
7.2
6.7
6.41
6.13
6.03
5.94
5.89
5.81
5.63
6.3
7.83
8.08
7.86
7.65
7.22
6.83
6.35
5.25
4.87
4.47
4.15
4.08
3.49
3.27
3.31
3.1
2.62
1.9
2.2
1.39
0.92
1.08
1.1
1.06
1.92
2.75
3.3
3.81
4.03
3.65
3
2.28
2.02
1.7
1.64
2.06
1.68
1.41
1.82
1.4
0.81
0.91
0.73
0.67
0.5
0.28
0.71
0.67
0.57
1
0.94
0.89
1.26
1.81
2.22
2.06
2.2
2.25
2.16
1.62
1.5
1.55
1.92
2.25
2.3
2.4
2.14
2.8
3.76
4.68
5.19
5.18
5.38
5.38
5.54
5.5
5.2
4.7
3.65
2.6
2.58
1.78
1.5
1.28
0.72
1.12
1.49
1
0.92
0.92
1.14
1.08
1.61
2.6
3.3
3.89
3.93
4.84
4.24
3.94
3.8
3.51
3.93
3.88
4
3.6
3.79
4.03
3.13
2.73
2.56
1.84
2.34
1.57
1.77
1.12
1.08
1.08
1.14
1.42
1.58
2.28
2.77
3.18
2.91
2.72
2.67
2.91
3.1
3.35
3.13
3.1
3.7
3.71
3.81
3.7
3.42
3.01
2.11
2.04
1.55
1.62
1.57
1.73
1.65
1.22
1.46
2.12
2.6
3.2
3.32
2.6
1.5
1.52
1.5
1.56
0.81
0.85
1
1.35
1.08
1.7
2.15
1.77
2.09
2.25
1.98
1.88
0.45
1.51
2.47
2.43
2.61
2.21
1.84
1.36
1.98
2.69
2.2
2.11
3.58
3.85
3.83
3.61
3.32
3.42
3.51
3.5
3.21
3.31
3.37
3.73
4.04
4.74
4.74
4.77
4.94
4.84
4.48
4.04
3.82
3.98
3.83
3.41
2.78
2.11
2.2
1.98
1.89
1.96
2.32
2.65
2.62
2.12
2.21
2.59
3.29
2.66
2.28
2.48
2.06
1.7
1.35
0.63
0.95
0.82
1.04
0.51
1.3
1
0.72
1.8
1.56
3.03
3
1.96
1.5
2.38
1.57
1.66
2.02
3.52
4.24
4.62
4.79
4.9
4.54
4.28
4.18
4.11
3.67
3.21
3.7
3.55
3.67
3.22
2.83
2.89
3.38
3.14
2.77
1.88
1.43
2.6
3.44
2.8
2.38
1.46
1.87
2.64
2.92
2.61
2.37
2.26
2.24
2.22
3.13
3.32
3.8
4.03
3.91
4.11
4.34
4.43
3.98
3.85
3.9
4.54
5.69
5.86
5.59
5.94
5.66
5.05
4.63
3.76
3.49
3.61
3.37
3.1
3.22
3.21
3.31
3.31
3.22
3.24
2.8
2.84
2.77
2.72
2.69
2.65
2.94
2.94
2.63
1.44
0.86
1.3
2.21
1.3
1.04
1.3
1.98
3.13
3.05
2.46
3.32
3.1
2.83
3.65
3.42
3.82
4.9
4.71
5.32
5.3
5.29
5.52
5.29
5.05
5.61
5.3
4.24
4.23
4.05
4.18
3.4
2.75
3.42
3.49
3.47
2.91
2.42
1.86
0.99
0.95
1.41
1.6
1
1.56
1.91
2.5
3.73
3.31
3.81
4.42
3.95
3.32
3.03
3.03
3.44
4.03
4.73
5.04
5.24
5.35
5.44
5.6
5.76
5.79
5.52
5.65
6.04
6.08
6.72
6.69
6.93
6.93
6.45
6.61
6.85
7.13
7.07
7.33
7.21
6.57
7.02
6.66
6.69
6.3
5.85
4.89
4.07
3.4
2.55
1.7
1.77
1.66
1.4
1.2
2.62
4.92
5.7
6.41
6.46
6.51
5.47
4.4
4.02
4.18
3.6
2.86
2.82
3.13
2.98
2.89
2.62
2.47
2.26
2.16
2.28
2.41
1.94
2.19
2.33
2.06
1.5
2.28
3.31
2.96
2.91
3.32
3.7
4.11
4.47
4.29
4.17
4.02
3.84
2.83
2
1.2
1.91
1.61
1.08
0.63
1.22
1.42
1.44
1.36
1.55
1.65
2
2.18
2.06
1.84
1.84
2.06
2.16
2.13
0.22
3.25
2.22
2.24
2.24
2.06
2.55
3.09
2.14
2.02
0.98
0.4
1.17
1.35
2.33
3.51
3.32
3.71
3.79
4.03
4.37
5.11
6.02
6.3
5.92
5.41
4.88
4.44
4.24
3.26
1.25
1
0.81
0.3
2.2
2.53
2.5
2.31
2.18
2.02
1.61
1.41
0.86
0.76
1.02
1.41
1.89
1.8
2.12
2.73
3.01
3.27
2.8
3.32
3.04
2.73
2.7
2.98
2.83
2.93
3.3
3.65
3.32
2.24
1.34
2.7
2.97
2.4
2.15
1.61
2.33
2.33
2.2
1.41
1.79
0.72
0.72
0.41
0.82
1
1.53
1.3
0.1
0.63
0.91
1.02
2.31
2.67
2.24
2.41
2.57
3.14
3.49
3.72
3.5
3.8
3.38
2.7
2.48
2.12
1.98
2.14
2.22
2.28
2.41
2.58
2.14
1.71
1.9
2.62
3.06
3.08
3.18
3.4
3.44
3.33
2.62
2.26
2.62
2.36
1.93
1.8
2.18
2.66
3.1
3.31
3.04
2.5
2.28
2.55
4.71
3.63
3.47
3.58
3.33
3.3
3.07
2.31
1.81
1.43
0.95
1.88
2.22
2.28
1.72
2.33
1.65
1.6
1.99
1.7
2.18
3.01
3.42
3.95
4.37
4.52
4.5
4.51
4.52
4.69
4.23
3.92
3.91
4.34
4.34
4.03
3.67
3.67
3.68
3.41
2.94
1.2
0.1
0.81
1.06
1.08
2.41
2.06
1.63
1.84
1.32
1.14
1.32
1.5
1.84
1.33
1.12
1.94
2.16
1.7
0.6
1.17
4.27
1.8
1.51
1.28
0.78
2.28
2.77
2.11
2.86
2.7
1.82
2.44
3.14
3.67
3.38
3.58
3.22
2.42
1.13
1.79
1.2
1.84
1.53
2.2
1.6
2.7
2.21
2.12
2.72
4.61
6.13
6.1
4.33
4.23
3.83
3.38
3.77
4.47
4.72
4.4
4.02
3.53
3.85
3.18
3
2.69
1.84
2
2.1
1.7
1.4
1.39
1.25
1.66
1.58
1.49
1.06
1.08
1.8
3.93
5.79
6.41
6.17
6.04
5.96
6.04
6.45
7.02
7.22
7.43
7.52
7.71
6.91
5.77
4.86
4.02
3.36
2.8
2.3
2.16
2.94
2.77
2.33
2.06
1.9
2.31
2.84
3.04
3.2
3.08
3.1
3.11
3.33
3.39
3.33
3.26
3
2.86
1.91
1.34
1.21
1.64
1.94
2.69
2.41
2.47
2.96
3.49
4.08
4.46
4.71
4.74
4.78
5.28
5.37
5.32
5.32
5.37
5.51
5.23
5.5
5.28
4.84
4.39
4.13
3.42
2.83
2.83
3.28
3.31
3.35
3.59
4.3
4.93
5.06
4.94
4.94
5.24
5.08
4.89
4.88
5.16
4.8
4.62
4.12
3.68
3.25
3.3
3.72
2.92
2.24
2
2.21
0.92
5.33
6.95
6.17
4.7
4.3
3.21
2.39
2.02
1.65
1.55
1.97
0.73
5.22
1.8
2.62
2.98
0.81
0.89
0.63
0.63
0.94
1.97
2.8
2.67
2.25
1.33
1.44
1.39
1.51
1.55
1.49
1.43
1.61
2.82
4.06
3.81
4.92
3.62
3.84
3.12
3.64
2.48
1.78
2.41
2.2
1.02
1.22
0.41
0.81
2.11
2.52
2.82
3.52
4.04
4.78
5.19
5.47
6.39
6.58
6.65
6.72
6.32
5.59
3.26
1.25
0.32
1.91
3.67
3.7
4.84
5.58
4.3
4.46
4.39
3.54
4.2
4.74
5.22
6.61
7.51
7.22
6.93
6.3
5.58
5.47
4.98
3.82
1.66
1
4.88
2.82
3.57
4.92
4.74
5.48
5.47
4.69
4.38
4.92
4.4
4.14
5.14
4.51
4.41
2.42
1.53
1.66
1.82
0.94
1.49
2.31
2.31
2.82
2.91
1.92
2.02
2.77
2.8
2.46
1.77
2.01
1.91
1.34
1.98
3.83
4.05
3.88
3.48
3.02
2.64
2.98
4.59
4.87
4.25
4.85
5.81
6.51
7.12
6.6
6.6
6.2
5.67
6.26
8.76
9.63
10.18
9.96
10.38
10.67
10.58
10.27
8.71
8.47
8.83
8.41
8.66
8.53
8.56
8.13
7.61
7.4
7.6
7.2
6.75
6.74
6.54
6.84
7.8
7.73
7.51
7.41
7.32
6.93
6.53
5.91
5.28
4.3
3.83
3.41
3.04
2.1
2.2
2.14
2.48
2.64
2.82
2.83
2.34
2.26
3.1
4.02
3.91
6.26
6.8
7.26
7.32
7.69
7.12
6.31
6.26
6.04
6.41
7.5
7.41
6.41
6.63
6.94
7.55
7.72
7.7
7.7
7.62
7.63
8.32
7.91
9.25
9.8
10.1
10.01
9.76
9.26
9.48
9
7.47
5.86
5.39
5.16
5.07
5.1
4.84
5.05
4.67
4.39
3.98
3.28
2.83
2.43
2.12
2.38
2.91
3.51
2.65
1.33
0.78
0.91
1.53
2.41
2.51
1.71
2.14
2.44
2.6
3.58
3.58
3.24
2.62
1.84
1.66
1.62
1.17
1.03
1.21
0.76
0.42
1.3
1.24
1.39
1.28
1.35
1.56
1.68
2
2.18
2.83
3.02
3.14
3.35
3.35
2.83
2.66
2.55
2.05
1.44
1.66
1.75
0.92
0.64
0
0.78
1.08
1.36
1.39
1.87
2.04
2.24
2.42
2.5
2.78
2.86
2.33
2.69
2.06
1.36
1
0.94
1.08
1.08
1.36
1.79
1.48
1.21
1.1
1.2
1.2
1.2
1.44
1
1.12
2.11
2.61
2.21
1.82
1.39
1.65
2.42
1.12
0.67
0.67
0.64
0.64
0.22
1.08
2.4
2.88
3.45
3.51
4.3
4.5
5.71
5.83
5.79
6.26
6.01
6.85
7.47
7.88
7.83
7.84
7.8
7.52
7.65
7.57
6.39
6.58
6.53
6.13
5.86
5.91
5.64
5.03
5.68
5.32
5.72
5.7
6.08
4.92
5.73
5.61
6.13
5.81
6.13
5.74
2.01
4.83
4.97
3.58
2.64
1.8
1.17
0.92
5.99
1.14
1.22
0.73
2.53
2.67
1.84
1.7
3.35
2.41
1.53
2.08
1.26
0.45
2.22
1.84
1.04
1.17
2.3
1.6
0.81
0.81
1.68
1.57
1.48
1.81
0.98
1.72
2.69
3.57
3.67
4.27
4.49
4.84
5.32
6.51
7.32
7.98
8.32
8.83
8.45
8.71
8.92
9.43
9.81
10.16
10.47
10.97
11.03
10.99
10.41
9.66
8.41
8.59
8.95
7.34
6.59
6.49
5.83
5.82
5.8
5.27
4.63
4.61
2.84
3.11
2.3
2.22
2.83
3.2
3.22
3.03
0.91
0.6
2.1
0.8
4.67
4.22
5.4
6.1
7.15
7.46
5.42
3.71
3.54
4.21
3.32
2.47
1.32
2.48
4.1
4.52
5.28
4.9
4.9
3.9
4.03
4.75
3.89
3.73
4.8
5
4.2
3.71
3.76
4.2
4.04
4.08
3.55
2.62
1.98
2.21
2.47
1.33
1.36
1.35
2.22
2.62
1.71
1.3
2.11
2.28
2.75
2.94
3
3.64
5.17
5.87
6.16
5.46
5.66
4.82
4.04
3.25
2.42
1.75
2.61
2.95
3.1
4.03
4.4
4.4
4.68
5.39
5.73
6.12
6.41
7.2
8.44
8.71
9.41
10.23
10.11
9.5
9.5
8.8
7.8
7.81
7.11
6.58
6.6
6.81
6.71
6.52
6.43
6.72
6.73
6.38
6.2
6.09
6.29
7.23
7.32
7.06
7.41
7.3
7
7.06
6.57
5
3.4
2.83
2.51
2.4
2.88
3.08
2.78
2.58
2.11
1.75
1.68
1.55
1.53
1.9
2.57
2.9
3.7
3.34
2.73
2.58
1.97
0.89
2.12
2.47
1.9
2.1
2.3
2.37
2.69
3.04
3.47
3.42
2.92
2.31
2.85
3.32
3.49
2.72
3.04
3.75
4.67
5.87
6.58
6.74
6.8
6.71
6.84
6.69
6.96
7.12
7.5
7.73
7.61
7.56
7.56
7.33
6.84
6.31
6.18
6.14
5.44
4.75
4.66
3.94
2.82
2.67
2.21
2.31
2
1.93
1.84
2.14
1.17
1.33
0.22
0.64
0.63
1.43
0.41
1.49
1.61
2.06
1.96
2.31
2
1.7
1.71
0.81
0.72
2.24
3.14
3.36
3.96
4.55
4.7
4.23
4.43
5.26
6.1
6.68
5.89
6.61
8.19
9.04
8.83
8.28
7.63
7.78
8.17
8.27
8.83
9.36
8.73
9.4
9.68
9.67
9.32
9.3
8.5
7.67
7.6
6.71
5.85
4.6
4.74
2.77
1.14
3.08
4.56
4.73
5
4.41
4.6
4.9
5.2
5.95
6.58
7.2
7.6
8.88
8.3
8.87
9.1
9
8.88
8.91
8.53
7.8
7.81
8.13
8.12
7.57
7.38
7.18
7.06
6.92
6.79
6.43
6
6.48
6.81
6.4
5.91
5.6
4.95
4.25
3.58
2.52
1.7
2.4
3.1
3.54
4.44
4.93
5.29
5.32
5.06
4.58
4.27
4.02
3.5
2.5
2.61
1.7
0.61
1.56
2.95
3.83
4.37
3.91
2.16
3.58
2.78
1.26
1.02
1.7
0.78
0.92
1.22
1.42
1.77
1.39
1.66
1.68
2
2.81
3.75
5.02
6.77
7.02
7.33
7.51
7.95
4.95
5.17
4.12
4.47
4.53
5.47
6.43
2.14
1
0.5
2.6
3.31
3.91
4.04
3.9
3.92
3.3
3.61
3.85
5.75
6.26
5.8
4.85
4.74
4.16
3.94
3.44
2.56
1.5
0.73
1.44
1.55
2.09
2.47
2.62
2.82
3.07
3.13
3.26
3.73
4.66
5.68
6.49
5.99
7.03
7.79
8.28
8.1
7.87
7.88
7.53
7.24
6.63
6.32
6.16
5.52
5.05
4.38
3.52
3.19
2.27
1.64
1.92
1.94
1.5
1.13
1.17
0.45
1.36
1.3
1.6
1.75
2.6
3.08
2.62
2.6
2.65
2.7
3.2
2.11
1.99
1.63
1.66
1.43
1.61
1.68
1
0.5
1.56
1.72
1.41
1.55
2.47
3.14
2.25
2.5
3.18
2.83
2.88
3.31
2.75
3.23
2.6
3.55
5.31
5.2
5.2
4.62
3.31
5.28
5.82
6.27
5.95
5.85
5.68
8.54
7.21
7.55
9.01
9
9.17
8.62
8.1
8.16
7.93
7.39
6.67
9.17
7.85
6.22
5.41
2.86
1.65
1.2
1.36
1.41
1.91
3.31
3.85
3.26
3.77
4.11
4.21
3.98
1.44
2.9
4.03
3.96
4.03
4.08
4.39
4.08
3.88
2.76
1.7
2.11
2.2
2.83
2.52
3.96
5
5.02
4.79
4.89
5.39
5.38
4.38
2.85
4.53
2.5
2.2
0.92
1.71
1.86
2.55
2.7
2.7
2.98
2.32
1.73
3.01
1.5
0.58
1
2.61
4.02
4.98
4.55
3.44
3.55
3.09
2.7
3.67
5.63
5.24
6.66
7.19
6.78
6.4
5.5
4.3
4.24
4.3
4.69
4.33
3.85
4.12
3.86
3.22
3.22
3.2
1.2
0.5
1.93
2.86
3.11
2.06
1.33
1.5
2.2
0.72
0.71
0.67
3.48
3.8
4.11
4.47
4.72
5.51
6
5.74
5.73
6.01
6.84
7.57
8.59
8.86
7.62
7.18
7.43
7.01
5.69
4.67
2.69
1.28
1.71
1.6
1.3
1.79
1.78
1.56
1.63
1.66
1.8
1.5
0.91
0.41
0.57
1.63
3.1
4.34
4.83
4.95
4.82
4.91
4.7
4.22
4.12
4.01
4.26
4.56
5.09
5.16
4.65
4.08
3.35
2.85
2.06
2.22
1.7
1.06
1.61
2.31
3.52
3.71
3.61
3.5
3.61
3.85
3.65
3.32
2.8
2.84
3.32
3.61
3.94
3.81
3.76
3.31
2.58
1.77
1.63
1.84
2.14
1.03
0.98
1.71
3.26
4.87
5.85
6.29
6.48
6.94
7.11
7.27
7.41
7.75
8.1
8.63
9.06
9.24
8.18
8.03
7.77
6.86
4.42
2.34
2.91
4.31
5.05
6.77
6.85
7.38
7.62
7.55
8.19
7.8
7.39
7.07
7.48
7.62
7.32
6.91
6.23
6.14
5.39
4.61
4
3.64
3.86
4.08
4.08
4.48
4.3
4.37
4.83
6.15
7.2
7.16
7.38
7.89
7.88
7.94
8.29
8.41
8.18
7.21
6.57
5.46
5.81
5.79
5.02
2.28
1.4
2.12
6.87
9.75
0.95
2.64
4.03
4.79
5.69
6.45
5.75
4.1
0.92
2.1
1.64
2.63
3.61
2.87
0.82
0.64
2.58
2.66
2.3
1.36
0.64
1.49
1.28
1.86
1.84
1.62
2.33
2.75
2.51
2.51
2.82
3.33
3.23
2.63
2.3
2.43
2.94
3.42
4.31
4.05
3.73
3.51
3.26
3.28
3.45
3.51
3.61
3.99
3.16
2.42
2.83
3.44
3.75
4.16
4.63
4.81
5.11
5.64
5.99
6.02
5.57
5.01
4.91
4.6
3.8
3.12
3.22
2.48
1.98
1.61
2.11
2.51
1.12
1.86
2.16
5.66
4.83
4.39
4.08
5.68
6.58
4.46
4.54
3.32
1.24
3.1
6.18
7.68
8.54
7.94
7.61
4.68
5.01
6.31
5.81
5.78
5.82
5.14
9.54
8.65
6.48
1.36
0.81
2.83
1.91
3.24
2.82
3.72
4.01
4.93
7.94
5.46
8.62
7.7
7.45
7.4
7.79
7.71
6.92
5.95
5.14
1.6
5.64
7.11
6.8
4.45
4.7
6.03
6.22
5.52
3.28
3.69
3.46
4.37
4.42
4.95
5.13
4.99
4.79
2.17
1.32
0.89
0.36
0.57
0.94
2.47
3.8
4.78
3.69
3.56
2.2
2.23
3.19
3.9
3.06
4.57
4.48
4.94
4.8
4.82
4.67
5.1
5.9
5.87
6.1
5.57
5.72
4.75
4.76
4.41
3.11
3.65
2.53
4.34
4.07
3.43
3.76
3.48
2.49
1.03
0.91
1.2
0.9
1.05
1.23
1.21
1.25
1.41
1.35
1.23
1.13
1.95
2.33
2.3
2.2
2.89
3.37
3.76
4.45
4.69
4.84
5.12
5.25
5.71
5.65
5.7
6.33
6.28
5.95
5.23
4.66
4.16
3.21
1.98
1.33
1.41
1.03
0.98
1.41
2.09
2.72
3.4
4.1
4.46
4.76
4.65
4.66
4.94
5.23
5.28
5.64
5.54
5.05
4.66
5.24
4.58
2.85
2.68
2.51
2.94
2.2
0.63
0.49
1.46
2.9
3.3
3.49
3.63
3.62
3.58
3.97
4.15
3.52
3.05
1.75
1.77
1.1
1.32
2.45
2.41
3.2
4.5
4.61
6.07
3.19
1.97
3.93
3.23
3.76
3.71
4.31
3.72
3.62
3.78
6.87
7.25
7.03
5.33
2.99
1
1.65
1.45
2.91
2.8
3.03
2.88
3.9
3.69
3
3.36
3.76
3.29
3.94
3.66
3.9
3.98
4.14
3.87
4.46
4.94
4.55
3.65
2.62
2.45
2.21
2.04
2.36
2.18
2.12
2.15
2.44
3.26
3.72
3.1
2.95
2.9
2.69
2.58
2.34
2.7
4.51
3.96
2.52
1.71
1.49
1.42
0.81
0.79
0.93
0.86
0.22
1.05
0.56
0.21
0.56
0.69
1.19
2.55
3.63
4.82
5.49
5.99
6.51
6.91
7.1
7.16
6.33
6.32
6.53
6.6
6.62
6.75
6.57
6.32
6.06
6.12
5.89
5.51
5.2
5.43
5.89
6.38
6.06
5.94
5.93
5.92
5.93
5.71
5.68
5.57
4.98
5.21
5.33
5.3
5.51
4.91
3.37
2.09
1.42
1.74
1.73
1.92
1.28
0.88
0.5
2.63
2.5
3.65
3.98
3.94
4.17
4.57
4.84
4.7
3.82
3.65
3.98
4.79
5.41
5.66
6.05
6.3
6.4
6.61
6.84
7.22
7.42
7.79
7.7
8.66
8.79
7.52
8.01
8.53
7.9
8.14
8.01
7.7
6.31
6.57
6.8
6.82
5.22
4.99
5.01
4.74
4.82
4.05
3.5
3.01
2.14
2.03
0.85
0.07
4.36
4.57
3.7
3.13
2.93
2.85
3.44
3.3
2.98
3.05
3.43
3.73
4.78
4.96
3.74
3.91
4.25
4.12
4.08
3.95
3.82
4.85
6.44
6.86
7.33
7.62
8.26
8.38
8.78
8.82
8.81
8.54
8.44
8.95
8.93
9.09
8.9
8.91
8.97
8.5
8.8
8.72
8.81
9.01
9.08
9.28
9.64
10.79
9.49
10.57
10.19
10.02
9.89
10.26
9.54
9.62
10.02
10.34
10.46
10.18
9.92
10.11
9.32
8.36
7.86
8.23
7.45
7.62
9.01
5.51
2.79
2.82
0.63
1.24
2.6
3
3.58
4.04
3.93
3.57
2.81
2.77
3.26
2.78
3.81
4.29
3.46
3.25
3.4
3.47
3.8
4.41
4.77
5.3
5.38
5.27
5.12
5.26
5.34
5.27
4.7
4.27
3.53
3.34
2.9
1.61
1.25
1.52
1.34
2.26
3.12
3.8
4.16
4.35
4.58
4.75
5.21
6.16
7.29
7.62
7.71
8.23
8.83
9.16
9.45
9.69
9.57
9.82
9.67
9.86
10.03
9.83
9.72
10
10
9.68
9.24
8.89
8.36
7.87
7.96
7.53
7.31
8.3
9.35
9.62
10.03
10.05
10.1
10.02
10.26
10.01
10.09
9.65
9.55
9.94
8.97
8.77
8.13
8.03
8.32
8.74
7.9
7.45
6.49
5.6
4.61
3.92
4.65
3.69
3.54
3.82
3.44
1.7
2.23
2.55
1.76
1.26
1.35
1.3
3.64
4.06
4.65
4.07
3.58
3.59
3.91
4.16
4.26
4.81
5.55
5.29
5.62
6.1
6.51
6.13
5.92
5.73
5.49
4.87
2.84
1.36
1.23
1.31
1.26
1.36
1.95
2.11
2.01
2.11
2.09
1.94
1.66
1.66
0.63
1.28
2.15
2.71
3.49
3.49
3.88
4.24
4.33
4.27
4.2
3.72
3.62
4.03
2.82
2.63
2.45
2.17
2.7
2.76
2.65
2.2
1.56
1.97
1.96
1.13
2.07
1.82
1.9
2.46
3.31
3.37
2.98
2.38
1.16
1.2
1.35
1.2
1.11
1.21
1.23
1.2
1.12
0.86
0.49
0.3
1.13
1.14
1.52
1.75
2.07
2.56
3.34
3.82
3.88
3.8
3.72
3.86
4.12
3.76
3.71
4.2
4.66
4.9
5.09
5.13
4.82
4.78
4.52
4.22
4.08
4.86
5.64
6.47
6.99
7.6
7.92
8.21
8.66
9.35
9.75
9.28
9.11
9.28
9.55
9.56
9.85
9.83
9.15
8.59
8.09
7.63
7.48
6.72
6.02
4.6
4.09
4.31
5.81
6.98
7.65
8.07
7.87
7.73
6.96
5.77
4.93
4.67
3.95
3
3.01
2.73
1.84
1.05
0.3
1.01
1.22
1.6
1.7
1.24
2.22
1.97
1.92
1.08
1.24
1.42
1.73
2.45
3.31
3.3
2.53
2.04
2.2
2.17
1.78
1.93
1.67
1.78
1.94
2.24
2.57
2.96
3.49
4.06
4.23
3.7
4.51
5.3
5.92
6.46
6.96
7.02
6.26
6.16
6.15
5.57
6.13
6.87
5.64
5.08
4.95
5.15
4.4
3.6
3.34
3.56
3.11
2.34
2.06
2.71
3.45
2.4
2.33
9.86
5.79
6.22
5.96
6.99
6.05
5.03
5.62
6.12
5.42
7.49
9.28
8.13
8.69
8.9
9.01
9.07
9.26
8.35
9.63
9.11
8.44
8.61
7.61
7.49
7.47
7.34
6.66
5.42
4.3
3
2.85
3.23
2.4
2.87
3.79
5.02
6.08
8.16
5.95
6.01
7.05
7.11
8.14
7.79
7.73
7.29
7.18
7.08
6.69
6.59
6.46
6.15
4.77
2.74
2.16
1.67
1.63
1.54
1.29
1.39
1.27
1.32
0.88
1.1
1.04
0.65
0.72
1.32
2
2.77
3.49
3.71
3.79
4.16
4.67
5.15
5.01
4.67
5.31
5.73
6.17
6.58
6.64
6.53
6.17
5.95
5.45
5.05
4.79
4.75
5.27
5.42
5.53
6.02
6.55
6.58
6.83
6.47
6.05
5.88
5.64
5.45
5.41
5.45
5.5
5.68
5.79
5.72
5.14
4.01
2.57
1.58
0.82
0.39
0.25
0.65
1.15
2.62
3.86
4.89
5.41
6.01
6.44
6.37
6
5.79
6.16
6.26
6.26
6.61
6.72
6.88
6.88
6.7
6.21
6.42
6.05
6.24
6.66
7.52
6.63
7.25
7.98
8.69
8.44
9.06
9.53
9.01
8.65
8.19
8.43
8.77
8.59
9.26
9.62
9.87
9.98
9.79
9.58
9.21
8.58
8.16
8.93
8.64
7.85
8.09
9.07
9.33
9.79
10.15
10.19
10.48
11.25
10.33
10.46
10.39
9.75
9.46
9.15
9.04
8.6
7.35
6.33
5.8
5.73
5.97
6.52
6.94
7.23
8.03
8.71
8.95
9
8.95
8.89
8.95
8.73
9.22
8.85
8.45
6.71
6.17
6.45
6.17
5.75
5.15
5.03
4.47
3.81
3.49
3.56
3.83
3.79
4.31
4.3
3.95
3.34
4.2
4.3
4.1
3.4
3.15
3.32
3.11
2.27
2.08
1.7
1.48
2.11
2.23
2.66
2.84
2.95
3.45
3.94
4.61
2.55
3.46
3.94
4.63
4.94
5.05
5.81
6.28
6.12
6.59
6.57
7
5.86
6.51
7.49
7.09
7.11
7.66
8.16
7.4
7.76
7.27
8.95
8.27
8.54
7.91
8.06
8.47
8.17
8.76
8.71
7.5
6.7
6.52
6.01
6.2
6.98
6.07
6.09
5.5
5.13
4.69
3.97
2.67
1.73
1.87
2.62
2.11
1.32
1.39
1.54
1.66
2.9
1.01
2.61
2.25
2.85
3.95
3.55
3.38
3.03
2.66
3.03
3.18
2.79
2.27
1.9
1.57
1.53
1.65
1.44
1.43
2.51
3.96
4.61
5.29
5.41
6.07
7.47
7.11
6.43
6.63
6.88
7.2
7.09
6.67
6.64
6.22
4.84
3.6
2.82
2.8
2.47
2.35
0.88
2.1
0.89
1.39
2.93
1.23
1.2
3.36
3.69
3.72
4.75
3.17
3.91
3.82
5.21
5.58
5.01
4.42
4.23
4.33
4.76
5.92
5.72
5.44
5.58
5.57
5
5.38
4.83
5.06
5.45
5.34
5.46
5.05
4.92
3.25
2.63
2.07
1.73
1.68
1.3
0.99
1.15
2.06
2.33
2.17
2.42
2.35
1.85
2.45
2.76
2.69
2.95
3.19
3.36
3.73
3.71
3.62
3.09
2.28
2.34
2.7
2.52
2.72
3.02
3.43
3.48
3.94
3.97
3.97
4.08
4.67
5.48
6.08
6.64
7.03
6.89
7.69
7.85
7.87
8.07
7.8
7.62
7.86
7.79
7.37
7.48
7.39
6.78
5.47
3.85
3.28
2.6
1.59
0.78
0.07
0.82
1.14
1.77
3.25
4.85
5.89
6.97
6.76
6.35
5.93
2.29
2.04
1.72
2.05
2.38
4.49
5.34
6.56
6.69
7.55
7.83
7.53
6.69
6.92
7.67
7.55
6.94
6.39
6.99
6.75
6.48
5.61
5.82
4.8
2.55
1.49
1.83
1.35
1.31
1.47
1.81
1.56
1.6
1.86
2.02
2.35
2.83
3.21
3.63
3.9
4.35
4.32
4.22
4.08
4.18
4.07
3.11
2.14
1.98
1.8
2.8
3.23
3.61
3.38
3.06
2.41
1.88
1.4
0.85
0.36
0.18
0.11
0.32
0.2
1.36
2.31
3.26
4.05
4.5
4.95
5
5.06
5.32
5.1
5.46
5.55
5.95
6.15
6.6
6.87
6.85
6.69
6.53
6.23
5.76
5.19
6.02
6.6
7.11
7.45
7.72
7.96
8.23
8.57
8.68
8.52
8.41
8.38
8.33
8.5
8
7.77
7.36
6.98
6.71
6.31
5.68
5.37
5.46
5.35
5.41
5.25
5.77
6.64
7.19
7.6
7.7
7.58
7.54
7.58
7.04
7.29
7.56
7.83
7.18
6.96
6.38
5.88
5.22
4.37
3.36
2.37
2.38
1.91
1.92
2.8
3.49
3.97
4.47
4.93
5.03
4.82
4.68
4.46
4.1
4.39
4.32
4.14
4.5
3.4
3.59
3.34
2.62
0.96
0.18
0.4
0.5
1.14
2.2
4.43
4.2
4.11
3.68
3.02
2.25
2.77
3.83
4.43
4.01
3.76
3.35
3.15
2.67
2.46
2.66
2.36
2.01
2.45
2.74
3.2
3.82
4.26
4.51
4.51
4.65
5.68
5.08
4.8
4.57
4.27
4.75
5.34
5.15
4.6
4.6
5.07
5.15
4.9
5.35
5.37
6.12
6.72
6.81
5.99
5.86
6.56
6.26
6.1
6.29
6.26
6.29
6.47
7.1
6.94
6.86
7.46
6.74
6.06
5.96
5.67
5.53
5.01
5.33
5.81
6.25
6.34
6.02
5.92
6.02
7.41
8.53
8.91
8.93
8.65
8.02
8.93
9.15
9.05
9.35
8.87
7.85
7.59
7.7
7.82
7.83
8.27
7.49
7.47
7.61
7.22
7
6.42
6.65
7.13
7.96
7.93
7.24
6.55
6.71
5.95
6.6
6.97
7.56
7.87
7.5
7.15
7.29
7.54
7.65
7.41
7.28
7.29
6.98
6.74
6.6
6.46
6.22
7.09
7.62
8.1
7.42
7.78
8.08
8.35
8.6
8.9
9.03
8.85
8.07
7.61
7.74
8.05
7.83
7.89
7.76
7.74
7.39
6.92
6.8
6.8
6.62
5.99
6.56
6.54
6.81
7.02
7.56
7.94
8.55
8.7
8.97
9.28
9.22
9.24
9.25
9.2
8.82
8.45
7.79
7.01
6.24
6.09
5.8
4.85
3.67
3.23
3.7
3.86
3.69
1.91
2.68
3.15
3.96
3.92
3.68
3.64
3.65
3.88
3.36
3.05
2.57
2.04
3.01
1.77
0.6
0.38
0.65
0.9
2.11
2.34
2.85
2.83
1.06
1.7
1.52
2.18
0.63
1.12
1.44
1.27
1.98
2.32
2.12
1.43
2.5
2.87
2.02
1.23
1.34
1.35
0.92
0.5
0.54
1.36
1.68
2.34
1.91
1.9
1.71
1.73
2.61
2.76
2.2
2.29
2.26
2.39
2.54
0.7
0.49
2.26
3.49
3.54
3.37
3.23
2.8
2.95
3.11
3.57
4.2
4.6
4.01
3.28
2.34
2.94
3.42
3.75
3.12
2.62
3.36
3.56
4.23
4.75
3.59
3.72
3.91
3.95
4.03
4.09
4.83
4.8
3.96
4.75
5.25
6.12
6.05
5.71
5.58
5.74
5.77
5.53
5.1
5.16
4.92
4.49
4.29
4.06
3.53
3.34
3.14
2.82
2.6
0.86
0.25
0.4
0.83
1.27
1.7
3.08
3.37
3.58
3.31
3.65
3.58
3.45
3.67
3.89
3.72
2.96
2.94
2.88
3.26
3.36
3.83
4.29
4.61
4.78
5.4
5.62
5.52
6.57
7.01
7.12
7.47
7.74
8.12
8.27
8.4
8.38
7.56
5.82
4.72
4.02
2.73
2.8
1.81
4.37
6.22
4.11
4.23
7.08
7.86
6.51
6.82
6.19
5.95
6.07
6.42
5.9
5.22
4.68
4.46
4.03
4.61
3.56
1.41
2.35
2.34
2.48
2.29
2.01
1.68
0.96
0.71
0.11
0.39
1.05
1.37
1.69
2.57
2.87
3.88
4.75
5.23
5.23
5.36
5.31
4.85
3.96
2.84
2.94
2.23
2.85
2.3
1.72
1.63
1.4
1.3
1.34
1.11
1.12
1.32
2.61
3.27
3.61
3.24
3.52
3.83
4.31
4.7
4.9
4.9
5.53
5.54
5.55
6.23
6.35
6.27
5.43
4.69
4.1
3.45
2.25
1.35
0.67
0.36
0.25
0.96
0.92
1.26
1.49
2.63
3.96
4.17
4.43
4.51
4.43
4.06
4.41
4.82
4.99
4.64
4.75
4.27
3.29
2.08
1.52
1.42
1.46
1.84
1.4
1.78
0.68
0.99
2.38
1.44
1.51
4.83
5.18
2.89
4.77
4.76
3.86
3.23
4.24
2.95
3.8
5.2
4.62
3.8
2.94
2.04
1.93
1.96
1.7
1.28
1.37
1.74
1.54
0.85
1.5
2.51
3.31
4.34
3.96
4.16
3.49
3.34
3.35
2.11
2.21
2.35
2.39
2.75
3.11
3.2
3.81
4.22
4.3
3.81
3.69
2.98
2.55
2.11
3.34
4.02
4.04
3.94
3.68
3.4
2.53
2.68
2.35
2
2.12
2.63
2.54
1.96
1.98
2.84
3.31
3.56
3.42
3.51
4.15
4.35
5.07
5.37
6.02
6.33
7.1
7.21
7.08
6.19
6.68
6.21
6.46
6.56
5.98
5.92
5.46
5.18
4.17
3.58
3.66
3.2
3.5
4.11
4.11
3.36
4.88
5.04
4.73
4.94
5.05
5.46
5.27
5.29
4.88
5.07
5.05
3.95
4.07
4.06
3.92
3.57
3.4
3.42
3.46
3.78
4.41
4.75
4.92
4.48
4.88
5.3
5.72
5.88
5.78
5.99
6.04
5.9
5.69
5.85
6.33
6.9
7.07
7.27
7.36
6.98
6.64
6.22
5.64
5.39
4.76
5.04
5.15
5.33
5.83
6.56
7.09
7.25
7.48
7.75
7.92
7.9
7.96
8.14
8.48
8.19
7.67
7.43
6.67
5.41
5.07
4.56
4.22
4.69
4.24
4.44
4.7
5.3
5.41
5.33
5.52
5.42
5.71
6.21
6.09
5.54
6.84
2.86
2.43
1.46
1.85
2.4
2.98
3.24
2.28
2.8
3.67
3.43
4.88
4.81
3.57
2.91
1.97
0.92
1.3
0.65
0.05
1.03
1.1
2.05
0.87
0.58
1.11
3.94
4.23
4.32
5.24
5.57
6.23
6.09
6.25
6.45
6.96
7.7
8.39
7.85
7.87
8.13
8.87
8.45
8.67
10.24
8.04
8.38
8.67
10.96
11.84
9.89
7.01
6.99
7.3
7.36
7.21
7.18
6.7
5.99
5.99
5.72
5.51
5.66
5.5
5.52
5.98
5.61
5.33
5.37
4.5
3.83
3.38
3.01
2.77
2.59
2.65
2.75
2.9
2.8
2.82
2.83
3.03
3.36
4.1
3.99
3.81
3.68
3.78
3.22
2.93
2.65
3.45
3.56
3.52
3.54
2.97
2.47
2.66
2.75
2.95
3.18
3.02
3.13
3.13
2.86
3.1
3.1
3.65
4.09
4.19
5.14
5.51
5.83
6.15
6.67
7.42
7.87
8.07
8.1
7.65
7.6
7.77
7.85
7.49
7.16
6.52
5.83
5.37
4.38
3.75
3.72
3.18
2.48
2.33
1.87
2.3
3.06
2.97
3.19
3.01
3.13
2.24
1.36
1.42
0.65
1.1
1.66
2.51
2.75
2.09
2.21
1.63
0.25
2.11
4.02
4.47
5.81
6.1
6.68
6.15
6.11
5.73
5.47
5.19
4.93
3.12
1.39
0.61
1.2
1.68
1.08
1.54
1.75
1.13
0.65
0.3
0.5
1.03
3.33
3.13
4
4.2
4.42
4.05
4.14
4.28
4.57
4.52
4.56
4.43
4.23
3.59
3.14
3.68
3.26
4.08
4.04
3.73
4.19
5.38
4.47
3.87
4.26
3.65
3.48
2.54
1.65
2.64
3.39
4.27
4.23
4.27
4.7
4.31
4.24
3.4
2.4
1.97
1.43
1.38
1.5
1.85
1.85
1.42
1.86
2.4
2.46
3.74
4.34
4.38
4.64
5.15
5.45
5.85
6.06
6.12
6.42
6.85
7.15
6.77
7.07
7.27
7.26
7.32
7.33
7.34
7.13
6.96
6.68
6.5
6.54
6.13
6.3
6.22
6.23
6.35
7.04
7.47
7.46
7.52
7.8
7.69
7.25
7.31
7.43
7.41
7.66
7.11
6.22
4.09
1.67
1.12
1.27
2.15
0.4
2.89
2.64
4.12
5.59
5.6
5.3
4.82
5.39
4.27
4.61
3.87
3.49
2.09
1.32
0.92
1.08
1
0.86
1.36
2.27
3.32
3.58
3.52
3.5
3.4
4.33
4.87
5.7
6.19
6.47
6.5
6.42
6.29
6.28
5.9
3.66
2.28
2.8
2.73
2.41
3.26
2.72
1.97
2.08
2.36
2.68
3.1
3.4
3.36
4.12
4.84
5.49
6.15
6.42
6.18
5.82
5.28
5.49
5.03
3.13
0.55
3.34
3.41
2.48
2.3
2.46
2.29
1.59
1.2
0.66
0.99
2.06
2.33
3.14
3.27
4.21
4.61
4.36
4.09
3.97
3.79
3.2
3.19
3.47
2.45
1.1
1.15
0.92
0.57
0.34
0.25
0.3
0.46
0.85
0.96
1.45
1.86
1.75
1.7
2.26
2.49
2.8
3.26
3.75
4.53
4.38
4.28
3.92
3.51
2.84
2.91
2.6
3.11
2.68
2.57
2.93
2.64
2.55
2.3
2.09
2.66
3.42
3.83
4.49
4.81
5.22
5.58
6.05
6.19
6.23
6.54
6.45
5.87
5.6
5.69
5.72
5.62
5.68
5.74
5.35
4.88
4.31
3.57
3.48
4.03
5.52
6
6.29
6.65
7.16
6.85
7.39
7.19
7.31
6.78
6.93
6.05
5.89